955
42
146
208
683
83
459
1168
1267
297
902
146
223
1
928
570
220
1153
286
1025
52
605
105
376
592
223
1079
59
781
109
863
146
455
381
1521
52
1333
2
1016
619
443
1060
42
104
52
166
361
59
361
147
542
147
1418
123
278
903
806
95
1143
656
1474
1110
10
52
146
952
44
1578
180
1012
1149
1118
231
1300
514
165
763
110
285
1040
1579
786
959
714
76
1166
14
1473
415
318
14
42
237
3
896
34
1190
146
4
72
863
712
337
69
70
688
796
212
227
187
581
1233
1166
1015
98
386
193
434
526
944
562
971
1258
302
942
52
643
59
164
212
44
433
515
207
1343
29
126
104
1015
834
108
72
662
311
60
316
123
647
635
623
359
1239
624
102
893
1177
147
359
234
52
995
552
205
643
14
52
781
313
52
1309
141
1397
337
74
402
819
208
304
595
388
72
134
334
974
347
126
1416
100
908
1014
739
951
52
491
226
278
733
724
58
288
1506
802
478
147
773
1324
475
171
879
506
820
95
648
637
663
179
165
335
297
248
1066
162
507
306
656
639
301
1048
1026
570
981
214
1125
1069
1278
1175
116
1033
152
1635
1116
505
750
527
1242
952
1237
512
1145
540
912
61
1113
1333
736
1419
209
87
311
337
459
319
855
107
552
146
702
1591
1280
763
389
781
416
550
86
126
1316
763
52
1145
765
952
194
886
1055
817
908
1424
144
361
429
597
682
639
726
356
1624
76
21
52
205
1472
733
67
84
702
106
126
731
1578
1449
967
1631
1097
306
1134
483
433
371
549
226
229
1032
847
61
394
1384
921
44
1081
994
1057
543
976
443
222
763
220
104
1153
459
242
285
84
1139
508
376
936
146
1267
1546
72
576
262
959
105
1366
227
662
742
1245
1471
316
123
58
1340
174
275
209
114
561
182
372
574
139
3
1033
34
1317
719
1188
334
933
65
1136
429
143
144
895
45
311
438
644
1069
778
654
814
72
502
146
1144
609
1191
806
321
125
146
310
646
504
749
70
399
1615
1293
306
278
52
147
303
1439
507
820
182
203
3
1161
52
411
517
340
1252
723
147
952
1392
776
69
1123
969
70
1015
361
197
1432
311
459
1498
3
10
1020
1267
41
1194
1546
120
976
424
426
624
1128
892
996
1497
1287
61
197
323
296
907
1073
72
69
1000
656
650
501
419
52
108
736
30
1174
1494
125
220
1065
3
247
1094
187
1287
306
278
326
29
43
813
102
388
512
311
402
30
52
58
646
892
1483
146
71
1008
595
660
462
361
773
5
10
1229
10
330
200
196
25
327
919
1177
310
759
1065
626
147
639
56
197
552
571
120
306
630
106
1439
733
658
1321
361
1142
61
815
276
146
251
188
1601
537
665
1097
142
676
41
1000
14
389
304
390
755
58
669
70
334
372
52
858
1527
74
271
3
997
295
239
741
359
1312
614
1031
52
977
72
1092
943
1366
52
1505
758
704
863
45
146
139
220
457
95
184
4
934
72
380
775
491
52
656
182
333
797
114
28
646
73
65
162
844
585
813
275
1452
311
630
561
182
437
45
688
921
945
1023
22
52
83
609
591
1561
126
123
734
146
509
1472
361
144
219
448
316
1221
1201
147
144
376
146
837
104
72
77
212
302
1239
61
69
1136
64
901
172
61
476
19
1089
129
819
235
310
147
1004
1342
146
784
953
797
1399
262
189
393
74
223
847
1219
146
262
470
146
203
1628
480
72
506
139
582
333
91
1517
182
31
91
1063
763
86
662
337
44
627
707
95
34
45
609
379
249
813
843
637
3
1178
230
14
862
52
493
193
1055
646
489
1215
44
75
14
1404
1426
714
243
553
1381
824
445
144
10
1122
45
391
295
1102
447
489
72
250
852
828
414
61
775
272
26
285
229
10
1024
1385
58
1332
492
128
116
45
219
72
807
74
190
1332
490
104
375
472
44
950
656
164
953
871
643
1280
361
72
25
143
1072
733
147
175
429
70
836
1397
223
581
1286
44
78
178
402
10
247
834
30
301
1202
428
1449
1012
186
1515
16
72
86
1362
72
159
229
66
52
1472
611
1347
1026
683
78
178
382
1565
291
266
318
1313
625
891
106
64
61
430
3
23
381
317
1127
824
178
318
614
1174
306
147
72
368
29
959
1568
965
1412
122
952
567
570
851
763
1539
683
383
1518
323
68
1055
306
542
124
895
174
115
159
368
488
179
115
623
58
72
1582
733
593
1431
52
508
483
211
1044
297
744
536
144
1189
638
763
72
771
241
675
43
565
212
41
666
919
41
656
683
849
1457
52
380
192
1449
683
72
632
278
34
29
424
83
44
684
302
1000
1420
146
120
465
122
69
1369
72
41
115
1174
83
197
96
1050
1223
122
955
159
52
510
553
1535
184
44
685
446
433
1564
1230
91
1000
182
1347
1546
48
1596
116
141
197
212
1494
780
214
801
445
297
182
451
656
663
436
10
1351
561
470
145
719
361
212
334
552
1315
10
625
52
169
334
1272
870
138
381
741
45
164
52
617
338
896
655
161
565
1178
435
782
361
443
436
409
20
506
41
302
147
52
979
69
212
409
29
338
334
99
53
307
189
373
516
1042
107
439
146
624
609
361
111
489
605
213
1579
395
116
170
527
1095
624
182
1528
188
1463
10
570
570
307
3
763
415
215
775
324
44
1243
126
961
361
762
52
334
325
144
250
223
316
247
459
53
126
402
144
505
909
52
1056
66
416
1168
147
100
651
64
304
1440
542
843
1276
1215
668
404
116
849
297
892
4
905
61
429
210
43
646
126
104
86
61
596
892
154
870
392
1295
833
195
231
6
139
775
429
142
1588
455
283
126
1086
589
302
235
147
245
60
1048
52
1407
356
130
1108
115
182
521
10
61
95
740
61
1421
306
7
361
1174
224
285
4
179
1523
382
776
731
301
409
277
271
334
436
812
762
212
476
125
517
534
999
362
1502
104
1140
205
633
29
597
98
464
929
526
569
821
368
1028
554
295
85
605
52
623
447
205
93
481
685
316
140
767
1348
515
94
72
597
1242
666
129
1050
361
1174
60
522
333
805
661
1389
147
243
1353
769
187
1129
489
964
976
278
1258
549
30
1073
356
271
62
460
348
397
785
893
962
125
1532
180
141
802
147
44
104
44
1511
850
1454
301
836
291
732
76
1261
656
553
317
1224
1450
699
443
1423
416
41
72
130
356
692
1071
133
1133
188
615
623
1173
170
768
296
233
122
763
4
61
29
767
247
10
317
169
44
1323
29
662
1105
552
74
570
10
363
361
72
166
3
80
1052
880
95
623
1164
383
299
947
125
144
733
52
895
436
44
862
1379
566
379
146
237
74
414
212
1597
763
1058
263
337
1057
594
123
1462
973
338
424
505
41
216
1412
660
624
72
25
51
14
52
1053
114
225
52
252
392
656
442
104
611
972
572
304
64
662
670
361
285
1308
67
88
324
297
45
723
552
726
975
1325
1022
72
1495
346
739
1219
454
41
45
517
41
683
591
685
371
392
375
739
182
317
22
464
1052
44
146
561
957
1240
303
845
52
59
1135
70
241
86
624
744
115
213
123
620
349
1094
73
3
328
1239
656
30
736
561
122
29
241
991
459
378
1141
952
418
116
431
598
14
44
751
656
212
1516
1482
1472
10
483
72
438
763
850
782
50
950
715
61
756
119
847
362
593
666
890
245
204
303
491
3
254
894
1133
60
52
396
1034
999
151
152
45
957
449
1248
151
1340
1325
1000
1526
290
1454
545
235
707
261
926
41
255
70
337
61
109
969
61
144
572
1161
791
658
52
135
1201
914
339
1188
815
1190
646
531
1479
125
52
975
656
1084
310
42
72
751
586
974
51
72
1230
300
786
15
1432
1545
94
1123
1212
508
1151
884
324
361
1258
773
187
214
707
609
558
1200
313
545
229
352
1530
896
52
843
242
1060
220
831
744
16
769
656
816
225
182
704
763
45
250
29
685
943
601
197
1176
866
1327
788
95
78
156
1490
141
147
161
1105
1178
956
409
14
988
144
1638
52
1060
1097
415
144
1128
135
107
235
1438
658
1268
1360
211
459
203
456
272
998
146
3
1097
465
52
61
447
517
551
1219
115
49
457
990
68
108
459
337
1641
44
413
763
376
334
1518
984
135
72
318
45
684
1065
290
1003
428
660
1149
3
610
363
59
525
624
107
934
86
1082
126
182
245
561
229
1151
446
296
1000
228
44
512
521
596
130
392
646
382
389
1303
707
189
706
395
328
15
1437
518
1297
461
379
1623
1252
838
795
253
194
576
147
974
87
1055
53
207
304
822
1255
297
14
390
361
98
208
161
671
788
1441
601
656
437
993
1142
52
548
81
381
155
630
1592
373
78
597
798
3
194
1178
597
1362
683
1224
933
17
669
52
212
190
1597
70
179
1634
116
109
1472
1310
347
86
274
1328
1230
1536
595
359
1019
1193
182
41
549
25
65
555
1327
100
306
58
614
428
321
1096
376
1282
278
671
61
338
78
1274
683
52
1242
382
980
253
1472
962
332
45
1400
338
380
3
52
1511
333
663
1233
419
816
728
758
809
59
597
52
683
674
107
763
85
479
29
1059
493
23
23
346
1427
78
857
72
41
897
3
72
662
1161
21
517
1209
1484
744
507
1472
931
298
426
61
1079
583
223
44
306
989
1308
542
1011
1559
44
212
850
524
104
969
383
44
28
1370
302
28
288
1199
53
273
155
248
1073
253
75
1566
605
1493
258
683
879
624
565
605
44
492
73
161
769
144
86
52
37
1141
52
72
98
1149
1345
39
813
331
459
795
237
100
460
726
961
1208
755
116
1180
144
1280
815
505
3
139
144
1023
316
145
82
382
489
1214
212
311
62
880
1058
928
1141
989
800
559
72
1400
83
517
86
784
68
52
74
159
3
1178
306
1338
1405
115
337
141
775
72
383
316
390
45
52
147
937
665
1516
763
983
93
504
193
527
14
262
1029
113
1627
565
1199
573
41
1151
553
913
305
470
390
491
246
384
296
237
243
686
361
264
203
144
316
186
565
1123
921
1323
605
204
582
45
985
21
1243
1246
1031
307
401
390
338
147
72
1001
802
1
72
3
459
317
11
306
921
147
1118
146
670
465
209
969
448
477
311
29
1312
742
327
323
952
69
630
455
3
306
959
52
361
802
855
10
212
227
542
146
1283
614
1336
70
11
488
459
84
657
455
763
361
763
483
361
502
66
430
72
187
144
61
10
238
212
146
228
195
429
1485
1074
481
126
973
316
72
291
1097
84
656
101
41
85
147
1483
687
146
3
146
706
670
1551
898
347
461
341
459
77
763
775
1273
434
74
51
306
512
144
1462
894
382
1503
1225
978
356
611
301
464
821
457
170
45
301
306
490
171
3
229
896
94
165
43
834
661
448
146
480
530
1232
147
361
422
869
554
144
710
285
558
1186
39
609
1247
237
107
144
611
644
1366
409
1273
147
72
580
1003
775
1012
141
108
412
785
1050
180
1348
560
3
189
1242
930
74
146
1430
1264
728
23
45
848
76
41
1453
95
11
194
392
569
744
50
362
435
3
212
1178
3
816
86
84
474
220
250
278
630
213
318
1414
1528
142
71
230
140
7
179
50
1377
44
230
699
48
490
84
944
1210
126
147
998
21
366
1445
301
1208
1022
1000
290
699
1590
122
76
144
961
189
597
1019
846
456
392
584
150
356
95
471
1080
217
957
1614
550
1016
765
86
45
156
605
240
661
1071
1177
995
407
410
2
1213
932
162
512
146
656
1394
763
729
885
52
492
341
249
381
623
683
78
1381
775
709
193
1632
329
962
436
542
831
1400
151
58
144
795
52
210
913
381
1614
44
1553
1608
1103
461
1091
824
946
311
312
465
318
862
1439
482
626
144
144
462
3
124
1241
146
624
489
1190
306
1429
834
456
52
899
882
347
372
147
317
409
72
1165
372
1461
297
624
478
463
852
56
683
147
53
656
400
61
706
3
900
656
304
306
72
733
707
283
89
1119
744
52
193
61
3
1136
115
1056
1057
437
327
182
665
1305
550
115
859
141
429
115
107
107
901
788
1084
212
3
261
961
306
114
953
859
952
244
194
952
70
1447
1117
144
72
600
689
10
52
1560
109
142
438
1001
3
3
1294
570
770
1023
126
91
602
807
725
122
144
799
826
744
1288
827
147
337
74
1343
125
361
334
141
1267
76
661
1503
561
381
1045
1149
65
730
61
234
985
182
455
925
146
14
262
656
84
1355
210
141
44
179
1419
640
52
3
827
143
72
1580
649
763
146
507
1059
44
122
30
930
759
361
692
326
72
123
656
955
271
306
604
426
383
83
519
482
1296
537
1547
329
727
198
1419
25
761
1415
1085
308
1031
1370
52
174
29
1155
535
1307
437
361
844
175
427
84
1168
174
193
182
1610
574
1087
647
817
52
512
662
72
126
107
478
881
802
1150
789
147
403
248
1235
309
1314
386
763
309
230
685
356
141
718
52
84
230
1439
507
785
140
147
1388
215
341
464
818
875
3
247
777
824
1603
432
146
125
359
537
41
306
764
115
813
115
1216
44
841
61
1147
209
402
688
1265
475
316
146
974
605
285
1000
687
789
147
764
438
61
382
61
561
1393
662
126
333
146
609
457
637
580
708
1105
1169
849
1089
553
432
643
84
1178
61
95
1372
610
1308
956
675
52
565
775
45
161
1435
1057
72
332
3
89
763
144
1500
86
569
159
1178
871
1153
614
281
1518
1520
141
3
1171
273
52
763
124
943
620
465
126
126
135
86
1290
247
16
533
1141
361
922
249
1156
1567
52
115
1113
164
1388
976
434
52
358
754
42
309
961
212
1212
648
175
52
834
1211
1626
1142
101
126
70
1288
189
3
869
365
388
1501
1298
642
107
126
186
445
245
42
576
1431
1444
309
838
597
72
334
881
113
409
1256
683
61
1264
64
455
836
1256
466
1223
702
123
3
624
1481
10
61
529
14
683
126
527
147
174
849
14
694
365
318
452
763
470
1016
45
1007
169
580
53
646
72
1000
448
245
829
593
220
372
208
813
482
193
1184
928
374
1464
109
93
404
874
1065
763
901
1360
52
1274
813
1390
1307
744
3
244
101
41
147
252
264
695
44
1174
317
3
1010
689
78
125
950
721
23
225
10
646
337
16
314
1460
114
1619
313
304
920
1617
303
511
465
869
560
683
565
962
470
820
29
164
580
34
372
382
3
65
193
334
126
490
532
127
1025
394
658
146
70
1204
1396
476
699
129
1086
107
925
1198
416
147
1303
53
95
134
392
56
1214
419
126
965
613
1097
1271
208
262
49
714
429
734
1173
636
999
1373
147
173
1495
181
255
1193
670
461
239
1436
297
892
425
358
448
79
82
356
1059
1098
977
1089
127
44
376
931
1482
301
59
337
430
483
529
120
656
668
286
491
662
297
855
1194
861
1295
740
1236
803
1179
260
285
91
1530
532
1208
1472
1273
705
892
1033
379
45
122
84
441
1336
1224
1201
1340
72
52
21
14
928
202
992
522
862
525
117
131
41
86
590
278
495
10
849
211
16
282
52
848
307
147
677
266
351
43
657
361
733
763
984
52
267
52
950
792
1106
14
686
53
146
1114
126
586
1242
1056
125
877
1030
873
685
1277
771
1255
44
567
637
3
1522
597
30
1212
366
1377
43
439
1019
340
1401
70
84
107
299
582
535
25
1063
1469
1153
350
680
347
105
316
904
556
1178
434
1433
53
999
147
383
911
1392
212
915
1365
52
790
52
327
38
436
29
422
749
322
84
992
582
83
104
1515
683
392
344
19
1616
961
52
60
136
32
125
459
253
45
72
189
41
1593
259
341
455
825
115
72
355
474
1486
776
146
1259
72
1077
686
688
250
187
52
546
101
1123
1412
1535
15
72
53
1374
306
1129
25
44
485
7
457
1174
1421
963
78
21
2
290
467
115
1212
1596
52
248
392
1076
570
72
419
512
72
95
638
61
512
1264
1227
1579
746
72
1318
268
303
333
122
662
641
1392
504
686
1175
517
78
107
1178
377
502
337
1375
147
869
862
249
438
605
342
158
781
295
945
527
10
1155
393
687
465
72
15
566
426
1019
647
904
113
315
147
1454
182
161
1219
96
67
79
694
1325
144
283
146
849
361
884
1129
392
70
656
874
763
175
428
788
928
683
116
102
410
135
107
61
537
146
41
163
156
1046
1098
282
1116
272
1178
1383
760
74
61
600
65
871
49
567
175
734
1636
400
146
417
97
3
29
210
1449
1571
146
117
306
459
88
297
306
1526
1299
218
683
302
1551
418
878
1312
109
145
65
146
3
698
1341
1215
182
9
52
52
1268
1142
1556
986
436
304
52
311
34
868
806
989
817
1400
479
318
1073
3
14
561
688
275
780
382
297
250
939
828
74
45
343
565
296
1206
123
98
1413
108
197
382
382
361
1178
1231
126
83
68
1509
712
603
152
218
1588
629
52
36
31
341
72
409
353
338
717
52
620
61
26
405
486
362
146
1097
493
61
443
908
839
116
333
44
603
212
122
61
200
140
827
72
14
928
824
41
1285
844
44
182
41
848
311
53
1163
61
114
306
734
1076
497
389
74
72
41
1534
1348
54
188
334
1459
542
187
1263
1422
356
778
284
69
619
905
422
582
1267
691
280
646
307
123
10
815
253
822
1036
1012
947
1178
52
52
683
655
1345
409
122
1056
147
1198
1238
909
1337
380
52
41
775
565
107
702
928
692
409
1595
383
146
260
114
746
740
104
1437
1470
1037
1174
280
768
303
3
597
52
709
104
542
3
318
1517
272
459
585
1006
44
721
147
144
45
889
1417
497
1167
984
1286
117
72
68
80
102
472
99
866
1613
428
319
465
29
989
703
889
44
58
301
65
646
52
144
1584
349
122
89
204
172
1079
451
486
123
1220
72
44
248
285
193
122
1488
217
93
464
553
72
574
927
144
361
745
146
448
370
14
913
1275
492
887
411
11
839
440
1385
429
141
487
763
212
1371
1224
86
1334
14
285
353
983
603
52
483
382
599
52
1128
570
733
400
125
1306
99
921
52
906
212
234
257
72
354
697
727
812
892
849
366
1142
146
318
1393
144
714
45
123
591
476
337
1152
704
870
125
1179
382
1086
382
115
518
114
240
287
608
235
974
65
711
80
122
406
565
763
508
64
603
603
512
1178
52
361
483
1162
456
146
411
44
775
307
246
199
58
695
7
125
1331
921
685
28
764
1015
83
300
616
87
376
1036
66
1278
739
107
1223
436
286
94
437
71
1211
951
277
72
1529
1108
359
989
204
272
1216
763
1272
1252
1562
182
687
897
1594
182
1465
72
702
306
356
1197
146
1273
437
1027
39
610
617
763
1386
1388
247
1102
95
44
306
84
696
98
22
84
744
500
662
921
698
1391
89
341
1387
568
483
886
259
16
645
321
87
296
933
52
258
205
744
86
1037
793
257
1273
1386
697
348
491
898
900
905
101
646
569
153
115
18
1521
91
773
1052
262
545
896
68
767
85
595
123
558
44
258
1202
1030
572
144
482
1257
60
775
576
611
911
141
973
147
86
197
1286
144
107
469
84
1613
106
764
436
642
69
212
1266
347
1576
739
107
122
1013
301
423
41
61
1130
873
78
821
467
146
409
145
1333
887
295
459
417
1054
737
480
1349
688
382
78
1125
1268
492
101
1212
926
1553
941
1015
182
1269
998
118
1097
38
125
566
802
372
667
746
1199
526
683
572
1551
1412
29
1237
159
71
802
72
61
1581
126
1131
1448
1341
315
34
985
807
51
14
370
527
72
182
1420
911
146
618
508
434
200
1588
1329
125
1153
532
72
1363
733
255
1408
392
159
331
1640
356
984
61
1324
22
709
85
616
104
43
1128
296
650
72
44
1119
874
116
942
104
229
104
156
311
10
1258
777
733
338
188
546
131
697
1478
367
1341
347
606
52
30
974
442
64
763
413
969
84
6
227
1569
259
1116
1374
668
795
465
115
577
361
685
733
707
104
570
24
409
356
311
775
45
88
376
1621
355
14
791
967
338
283
554
113
1308
1199
882
211
46
69
1434
115
52
1602
1171
201
1022
1246
1121
260
1193
251
961
162
694
1538
510
208
905
1125
155
981
1056
1525
1038
459
175
38
430
52
229
284
132
361
860
173
247
1193
76
382
101
306
393
1242
405
619
3
84
248
1289
124
98
41
461
641
640
865
146
280
52
535
70
147
1259
392
907
1404
731
827
418
877
37
1458
813
683
61
242
445
52
141
72
44
489
504
310
102
61
887
44
149
27
506
363
1251
1005
1501
361
582
641
976
769
107
656
1048
254
965
98
569
155
176
905
772
1420
52
72
188
302
916
1012
957
248
763
1592
61
123
491
7
175
161
595
718
1142
508
830
1501
70
126
39
147
465
3
775
147
418
155
194
52
356
29
2
174
316
484
193
328
146
52
1493
1141
480
174
70
122
635
162
656
182
570
1099
116
247
472
459
113
58
147
7
868
274
1222
219
952
831
679
114
1449
115
1249
1287
1178
1241
3
1350
878
159
27
1109
77
95
72
37
415
683
1219
785
306
3
318
1403
518
41
356
422
656
306
280
931
102
71
105
382
1440
285
1573
765
129
151
542
72
1101
365
147
230
61
310
1614
1057
576
434
126
366
89
52
1231
980
147
148
78
495
763
832
149
123
573
1504
1169
154
1307
52
136
193
704
565
807
672
531
1585
202
316
1040
70
681
239
442
290
480
468
802
356
52
1437
86
247
387
70
693
578
116
1495
147
45
451
760
10
61
838
663
475
460
324
1242
758
45
147
656
827
88
482
3
125
390
193
204
482
72
231
408
100
656
72
122
1267
578
262
807
878
1304
1421
196
70
34
374
115
1613
81
145
395
266
52
1422
358
549
913
141
1360
880
164
1234
1586
409
216
1484
461
887
52
537
399
624
1174
382
605
766
609
832
57
52
1180
1163
1268
1272
1597
465
379
356
867
52
452
72
620
1455
293
286
1082
683
911
669
465
348
61
278
361
41
416
70
543
101
62
685
70
70
701
1203
1311
1416
870
52
334
443
135
657
656
530
14
52
1026
792
69
23
755
465
1178
425
259
1029
45
195
52
172
1346
361
796
297
598
377
361
769
478
45
34
1411
1018
16
119
10
45
39
216
1256
45
285
72
30
188
440
640
1061
174
675
1133
72
434
904
15
147
1065
447
50
472
7
318
685
889
422
1258
656
565
676
703
167
1275
95
656
1253
195
459
870
389
537
122
94
1234
640
376
125
953
365
605
52
107
108
400
683
565
29
147
297
590
907
84
1298
1431
1312
551
110
749
510
61
304
52
1171
892
1069
1355
44
177
347
316
656
1078
3
337
870
17
72
193
599
1153
844
737
636
247
566
1324
457
212
73
44
328
763
280
72
424
159
784
146
6
102
140
668
81
445
504
164
611
265
345
38
122
52
147
186
1207
1089
3
479
433
566
59
459
812
53
655
744
683
1507
292
180
460
851
147
409
53
1426
1303
529
72
317
1604
116
349
151
683
619
10
892
1287
457
169
812
182
697
95
1349
613
44
44
58
52
1052
45
1322
1188
209
70
582
41
258
702
1055
892
269
1338
704
141
350
1433
408
41
266
1345
14
264
962
217
820
137
1153
52
392
52
104
617
235
52
848
1268
784
28
52
683
965
497
98
380
361
755
3
529
1058
146
763
911
566
908
923
331
921
1307
618
661
245
44
405
603
45
337
61
693
3
256
333
290
306
763
652
838
265
271
146
45
347
147
248
909
641
331
72
72
10
1609
104
570
167
1130
64
632
775
1050
1447
283
432
736
310
390
1121
389
146
296
247
117
72
427
283
107
778
928
37
656
741
823
683
569
465
1472
94
668
644
94
14
8
178
141
1299
654
72
269
17
9
439
304
813
914
154
154
1182
271
517
13
173
61
1164
382
1041
244
108
125
456
594
7
445
344
1272
236
344
422
306
1067
817
1167
147
109
945
429
1055
656
719
1191
270
347
302
224
764
126
370
301
815
132
192
763
363
85
479
692
459
714
1487
409
41
287
1173
333
1489
1297
460
15
436
121
999
187
1189
108
940
598
482
578
985
490
120
41
45
284
549
72
545
605
1226
61
409
291
45
655
125
976
181
113
34
61
465
68
618
124
58
679
1558
159
30
1355
665
553
336
1218
257
638
162
52
182
46
1212
1113
3
933
145
422
341
331
611
235
921
364
508
212
95
624
126
79
52
460
1149
852
664
29
735
191
706
683
678
41
699
44
510
711
72
658
763
1409
83
517
1065
95
481
1452
47
1192
974
146
440
407
263
247
965
1173
220
744
1068
920
966
316
283
1355
734
255
58
239
195
436
520
624
506
859
52
144
144
1201
60
147
16
52
564
684
465
486
822
588
603
640
821
962
24
436
144
974
382
392
173
619
147
763
361
698
379
440
1272
74
352
505
1441
441
296
243
382
278
537
541
1018
361
809
1456
187
477
35
1329
382
558
309
41
209
42
306
122
382
120
666
658
673
147
56
1351
3
630
186
774
490
306
52
1033
72
356
84
203
61
465
352
139
45
356
392
316
1193
89
1588
911
190
306
763
1035
76
61
439
1549
212
60
297
173
669
776
231
212
579
44
1033
683
1191
38
432
709
3
192
535
574
1009
14
126
218
61
1028
137
448
69
271
64
539
434
285
919
1141
297
73
542
327
318
600
195
291
263
104
278
1433
285
94
235
685
1382
146
107
1449
223
722
475
310
852
1123
263
83
5
707
624
341
104
624
901
800
72
182
146
1019
196
72
739
52
936
783
656
547
478
290
1123
329
361
1519
61
1429
29
938
683
896
1500
171
86
172
1267
58
1438
872
1128
328
844
763
226
84
52
1167
824
41
40
406
78
656
1323
48
1462
52
1533
656
10
600
1415
432
763
1459
434
443
887
914
337
455
52
301
37
144
263
943
973
1276
1097
561
175
456
540
565
588
463
487
292
419
155
131
95
118
139
147
542
1326
753
139
275
813
460
1178
94
705
886
251
530
547
52
275
1298
416
808
1043
1121
306
104
235
233
699
439
316
552
569
420
285
146
429
1052
984
337
778
440
68
115
657
1057
555
570
78
763
736
115
306
203
262
763
143
38
73
107
249
1292
329
84
961
361
72
72
41
763
683
1633
1187
1149
147
456
1029
619
663
146
646
794
317
1298
382
44
72
972
15
574
145
6
1302
668
356
553
306
408
126
1341
1543
928
968
873
1410
354
206
1596
61
52
349
662
147
260
44
1110
296
144
52
318
29
382
424
156
1371
1076
708
89
457
120
688
41
463
326
1024
95
173
1250
195
342
72
480
380
482
522
10
91
327
1606
154
61
30
1188
1288
661
104
1258
1472
683
989
543
1200
17
465
86
463
1420
1135
1352
852
211
306
98
98
1142
29
463
152
116
962
331
95
296
505
700
361
1599
761
637
423
319
884
162
582
278
487
419
470
277
1364
235
542
1262
372
3
375
208
1019
183
135
144
1169
944
898
52
89
1105
491
79
174
640
146
361
107
586
620
606
1589
61
508
95
178
567
898
1005
72
234
3
212
724
1132
1269
865
285
209
809
306
306
278
97
1451
45
1070
175
569
794
874
334
41
147
463
1076
1232
552
1404
379
443
414
147
219
455
1570
75
304
72
1053
510
1057
1569
108
223
72
61
72
106
443
306
985
1310
35
523
147
688
780
52
61
1011
1591
285
444
182
456
434
1073
141
145
741
1105
744
188
338
169
72
107
51
49
141
361
237
41
203
881
316
10
61
1491
446
1135
408
1176
656
146
336
919
1041
700
880
1546
1097
72
85
1544
1161
3
786
405
939
209
333
517
193
563
45
900
126
356
282
1136
542
921
1530
1581
104
14
485
85
657
89
405
193
358
102
58
574
280
178
847
232
726
1179
683
1134
73
1104
1055
680
575
260
500
1338
316
42
1427
802
764
439
101
1635
697
867
150
1012
3
168
816
565
1429
969
683
86
45
193
1216
182
44
98
305
720
967
1577
247
942
1197
223
162
887
684
639
579
1572
338
1233
432
1449
702
660
374
72
1274
884
122
44
1579
443
948
918
1235
1402
824
209
1136
864
821
117
776
104
781
1111
1362
52
728
382
492
229
146
251
316
106
849
185
646
517
1145
146
798
175
525
73
1414
1214
1113
1057
52
668
216
120
1313
743
1541
45
301
1415
639
459
361
614
896
623
656
1257
107
763
742
838
271
723
45
113
469
697
1076
176
921
89
552
31
761
952
380
1349
775
146
86
212
666
10
65
311
1006
483
1241
581
356
298
318
144
110
637
290
595
447
958
916
751
72
1188
93
1548
919
624
10
810
337
845
61
738
1371
70
486
1266
382
497
3
14
52
45
147
98
146
688
775
147
1267
493
24
41
166
29
28
798
1618
1042
70
1000
144
715
889
1242
58
145
1258
123
71
896
353
988
359
437
146
87
122
1267
1555
208
52
808
553
199
1184
702
1018
304
382
1238
306
1428
2
549
10
1000
892
1284
44
1409
465
877
283
1178
3
1496
268
830
1071
125
827
476
731
359
306
358
152
740
193
129
259
464
563
8
570
107
310
1511
30
1315
567
207
388
238
904
212
1515
1021
635
1598
841
361
361
14
632
582
95
934
733
52
89
1138
766
72
248
126
1392
306
319
353
107
355
59
424
175
284
102
301
1019
359
3
370
182
700
141
44
306
1054
565
187
162
1153
1035
698
72
361
104
982
1078
126
517
132
775
849
107
346
1449
338
16
954
769
821
3
716
1185
917
928
70
1215
1043
41
52
10
361
1103
101
1484
605
1380
78
392
16
467
34
285
619
969
1224
41
960
45
1630
334
624
1636
683
146
687
299
132
1
889
855
70
68
1537
640
155
447
87
678
487
1482
1198
1024
465
52
526
840
1294
156
126
658
1235
489
52
341
182
110
1443
55
224
570
556
683
182
1190
50
86
245
540
179
143
123
939
275
311
1354
285
10
1196
95
1472
486
333
443
202
111
1387
389
52
49
86
1268
147
1130
1372
1434
1092
568
188
346
1267
1113
886
357
515
318
25
1240
899
1238
147
317
820
567
788
603
187
640
604
216
22
81
367
426
1637
943
950
146
287
482
74
43
53
679
16
209
1300
269
584
597
72
947
542
685
1060
538
1142
189
962
685
115
107
61
72
44
72
973
384
306
965
141
1398
3
61
87
61
381
624
570
147
82
10
1000
744
52
107
44
182
126
152
125
17
59
999
795
576
1535
731
59
465
3
671
429
331
3
72
147
25
79
72
744
70
10
147
700
251
146
624
485
17
1002
122
921
10
269
419
108
763
41
16
838
1041
1087
102
88
303
86
151
72
1475
465
1256
375
549
89
455
16
570
107
779
280
316
72
202
686
72
1516
16
147
884
10
41
179
429
89
52
1557
3
513
478
685
45
570
271
107
3
3
122
108
72
86
18
361
459
550
1089
821
104
361
3
1193
306
315
179
193
432
72
999
1388
359
261
18
61
1011
10
72
86
72
16
16
465
72
64
98
147
361
68
1206
89
85
64
59
52
10
66
944
248
999
763
41
806
56
98
3
45
182
108
717
570
603
836
108
609
646
193
197
1466
306
863
29
624
72
16
491
455
999
1628
570
732
29
443
61
361
52
151
144
912
295
662
1302
317
313
421
772
813
497
813
151
1101
1097
683
365
485
1366
964
224
1216
333
786
1625
1253
1270
1622
967
327
443
11
853
141
304
121
560
309
702
1612
566
1611
717
1085
773
123
1042
1540
289
744
1307
1
930
311
297
110
603
295
683
1200
1146
86
1242
786
1510
1480
438
465
113
616
957
1170
748
382
605
1113
376
1246
181
1029
160
537
1512
1538
206
179
518
314
1082
1005
1177
25
179
662
1353
663
1497
842
1120
1542
477
606
1444
141
965
786
786
382
596
1110
1151
359
569
503
1440
1389
1283
382
252
283
259
1583
360
457
100
320
842
1558
1270
1312
1509
181
1356
407
382
181
925
382
710
679
382
804
382
1339
1123
1270
116
804
515
591
253
888
1106
1333
382
63
457
1452
1437
1154
382
814
5
147
3
52
1390
61
52
52
476
1168
122
879
311
3
52
3
134
827
637
709
94
45
492
736
736
1362
125
1245
376
85
488
489
966
409
87
1111
1327
504
200
70
61
3
248
306
29
491
775
356
16
558
64
147
361
601
624
211
1434
193
544
58
21
74
70
34
187
306
996
16
459
570
70
29
361
206
126
1284
436
86
16
300
189
1041
720
41
95
1181
206
607
59
313
725
144
104
3
319
1317
340
52
70
616
1145
2
361
98
234
1426
664
306
107
72
59
102
59
144
200
630
874
70
78
70
86
296
475
59
306
212
302
256
744
98
70
173
508
70
683
182
59
70
3
197
235
70
59
573
273
16
466
1170
361
184
306
668
184
668
426
1023
182
491
656
297
34
69
98
641
70
644
223
301
436
1000
69
725
147
635
72
68
1075
16
334
1057
361
162
146
1374
59
508
716
1604
16
122
296
1410
199
193
107
107
203
147
14
102
144
375
72
144
107
3
21
107
78
311
361
193
668
16
214
181
184
574
126
427
295
597
144
147
16
787
69
59
151
375
465
146
762
334
361
271
147
74
72
465
1216
763
144
29
184
16
664
59
667
373
72
570
146
135
59
69
1093
108
86
361
144
103
108
261
144
144
79
334
182
4
1141
74
102
16
122
91
102
3
734
68
29
334
61
16
300
59
86
68
747
58
76
72
86
82
44
297
203
570
232
304
85
16
59
664
144
72
169
29
300
74
191
70
44
3
838
549
59
361
296
72
69
69
30
384
34
126
1271
297
147
29
70
757
609
52
1077
144
1330
21
436
147
115
144
122
214
193
70
442
318
424
74
306
1075
102
58
146
375
72
44
16
107
437
44
102
1283
605
297
70
465
838
70
300
206
101
16
306
1284
102
102
3
86
427
1237
70
69
182
668
1308
61
712
59
821
98
7
61
70
297
59
70
409
122
361
400
52
68
361
306
361
491
34
375
297
549
187
304
86
16
200
86
22
798
623
98
29
72
499
72
361
85
920
214
70
297
59
365
748
304
968
104
69
614
361
69
668
778
852
70
285
603
73
106
987
161
187
144
184
72
104
141
570
16
584
306
59
549
29
104
488
70
834
95
184
306
68
123
718
361
675
70
70
106
78
306
1047
151
70
476
126
310
69
685
72
582
318
135
282
509
459
125
77
44
603
82
361
184
1242
799
916
109
108
775
29
1480
91
570
82
144
1022
300
115
70
875
744
300
69
306
82
409
72
361
101
306
1189
41
82
570
733
61
182
508
356
72
500
1083
144
1113
103
214
434
1026
70
297
144
820
7
847
95
447
683
72
837
16
144
656
375
3
300
72
70
86
1007
70
211
59
447
52
451
277
206
16
102
616
61
3
1168
72
82
70
297
122
69
16
123
361
207
318
112
52
147
656
630
134
98
29
59
98
432
72
107
45
736
70
16
10
624
1495
400
306
144
85
436
193
306
361
361
203
1308
424
144
973
101
61
144
16
16
609
70
309
683
84
72
69
69
59
300
459
107
721
74
126
3
70
77
102
296
114
52
86
597
815
306
556
781
295
72
52
102
424
45
33
1174
10
45
86
147
366
61
749
102
16
432
195
361
916
122
59
29
82
306
187
144
927
70
76
84
86
334
79
196
297
87
381
147
3
3
922
1072
361
15
190
72
122
492
436
144
61
306
457
70
82
306
104
892
144
69
134
1338
206
306
3
86
144
16
70
361
428
102
100
82
208
1199
135
89
340
217
306
10
64
996
72
874
106
126
184
356
508
82
306
122
300
144
10
361
245
300
72
628
29
915
196
366
101
361
614
70
95
41
380
52
334
144
297
59
623
366
44
90
82
1228
3
493
16
98
664
70
1201
16
508
211
295
11
196
16
83
144
146
102
1136
70
59
500
102
58
134
304
306
375
916
306
432
146
3
70
74
361
59
144
722
782
69
146
59
549
72
29
102
1514
86
1332
70
89
190
89
459
74
361
7
144
195
74
624
300
16
16
525
193
306
815
52
437
163
1366
1137
158
664
16
841
59
205
147
187
494
361
74
98
46
44
72
593
44
77
16
400
86
554
874
29
624
295
61
306
400
304
229
45
1345
1395
70
647
306
206
70
179
44
61
303
361
311
989
21
29
98
195
781
361
188
70
102
104
126
400
911
53
744
102
70
14
297
73
72
59
89
200
1075
361
383
102
72
70
144
184
59
70
200
362
144
72
361
941
482
72
752
59
436
523
69
1017
951
59
306
1604
693
544
182
73
977
434
70
807
280
196
70
29
82
1433
483
334
193
144
68
202
253
1352
1499
59
141
306
193
815
59
763
144
1437
306
78
16
122
126
70
668
806
714
779
916
126
1354
916
91
651
193
70
200
278
69
29
70
775
483
711
16
59
193
69
89
44
500
223
59
69
77
146
16
1173
206
483
70
490
617
108
184
297
576
200
184
3
304
361
120
110
59
77
86
311
107
476
144
656
15
59
361
142
656
188
1059
361
218
787
52
716
59
86
459
144
334
383
228
86
70
500
361
144
668
1466
816
76
98
135
297
141
107
70
750
400
1192
1052
78
571
553
429
77
666
538
789
375
248
248
714
613
219
105
77
52
973
915
18
1236
211
538
434
134
186
187
78
134
275
305
187
762
492
275
1230
1508
715
529
78
970
188
970
911
356
578
551
1501
172
16
187
755
639
424
186
356
362
308
529
429
206
77
449
152
1353
438
1204
599
17
663
649
1026
723
29
188
187
429
447
187
82
754
775
751
1188
287
973
447
98
812
653
384
206
98
362
400
1041
892
585
951
1105
788
136
105
601
98
149
593
356
429
1104
208
1346
271
1108
187
78
117
1331
429
531
241
1541
416
437
863
187
220
186
78
134
972
726
467
571
187
434
77
437
1173
136
82
228
78
211
821
905
187
495
82
1117
215
323
1298
187
362
211
105
892
673
1394
1212
585
485
781
714
187
689
117
589
188
134
762
429
578
970
1230
512
98
409
248
241
650
356
423
17
82
1080
18
98
490
727
186
160
18
1144
463
1231
188
187
289
83
557
1307
529
86
949
435
182
149
164
1258
429
429
187
98
276
776
147
383
305
972
323
152
1442
666
188
78
538
187
190
188
886
271
17
971
973
355
1335
892
310
17
736
72
1531
86
52
361
380
29
943
73
82
921
211
30
430
151
761
811
77
1409
490
491
373
251
924
85
184
802
29
87
375
382
211
89
361
29
89
203
447
551
3
161
556
491
52
3
186
115
159
1009
380
73
104
1008
3
205
25
1434
122
68
212
275
208
182
1309
1372
1476
144
144
184
110
1116
275
375
25
704
921
12
1142
324
89
430
74
957
25
86
87
902
881
211
211
297
89
603
647
86
68
237
72
95
147
392
44
297
95
1579
87
254
849
59
380
381
296
53
134
623
108
811
456
108
761
887
115
7
86
570
10
310
86
91
122
211
107
82
89
196
110
361
89
108
1391
102
921
86
59
98
66
52
318
102
437
1097
534
89
356
887
74
320
112
98
1169
896
1421
21
553
455
76
505
187
98
3
16
188
376
41
473
644
372
1467
1064
108
3
921
69
1276
108
59
502
184
811
89
73
89
192
91
995
58
102
492
146
108
849
405
89
16
69
108
896
146
582
187
187
144
429
306
83
29
211
89
340
14
211
993
334
1639
1226
679
59
334
72
113
503
79
465
108
208
477
491
87
716
98
679
151
288
334
98
102
874
98
214
668
52
29
61
565
6
458
275
1022
59
69
43
262
10
89
16
53
144
91
334
47
455
125
89
1408
126
89
44
211
366
781
72
827
1429
376
234
110
651
1202
1550
151
84
282
128
841
89
58
835
754
74
30
208
89
619
130
578
939
218
16
29
1256
3
480
430
390
86
61
310
29
920
1202
89
211
89
863
147
208
77
102
52
89
428
98
108
211
208
911
58
89
16
957
437
208
74
89
3
303
203
25
383
182
89
383
144
86
623
707
188
957
1272
436
89
59
763
237
52
872
84
59
86
59
455
108
196
84
334
302
147
308
89
334
59
112
1044
470
144
460
102
671
211
108
310
112
87
188
500
41
108
1178
86
98
182
125
999
297
3
1015
333
725
506
709
163
203
1600
29
44
1098
739
640
1461
74
59
1178
986
89
491
105
665
77
86
60
430
89
68
432
1173
731
1587
69
188
78
340
59
726
1041
13
69
187
997
86
27
1001
223
64
1178
59
214
102
58
59
98
656
603
59
44
442
211
483
78
447
566
124
77
427
603
523
614
69
612
248
668
771
134
1016
102
623
404
52
798
214
610
64
208
144
218
295
144
361
781
72
334
86
820
1332
89
147
108
89
306
780
16
896
59
635
668
29
89
822
295
436
34
211
374
135
82
1111
1255
112
211
86
123
542
582
16
41
643
34
228
146
310
485
90
529
106
1077
82
72
432
78
794
491
1057
124
347
89
89
84
79
624
405
52
491
271
819
73
146
744
192
586
334
409
72
89
209
218
1412
77
111
3
173
44
59
924
98
59
597
683
35
102
765
409
570
334
392
337
285
430
616
59
146
25
361
108
82
52
211
187
304
29
61
34
447
59
488
334
89
86
59
214
193
470
10
8
3
126
297
59
245
491
114
208
597
52
102
89
69
144
569
537
383
16
383
1042
812
52
203
676
197
792
52
52
297
107
52
84
156
921
216
70
89
159
208
430
182
89
500
1468
89
74
465
86
79
104
245
921
1546
108
52
4
91
84
27
89
1115
29
208
73
102
654
76
108
1391
69
86
16
58
88
430
89
82
102
154
69
122
893
601
432
25
102
77
206
108
102
1406
86
52
1429
86
211
108
104
187
69
370
429
570
1446
104
123
731
86
182
88
89
343
3
349
108
228
382
614
108
876
29
653
89
16
172
52
212
566
208
89
61
52
488
334
108
1142
211
84
61
1300
305
52
98
383
203
676
263
59
182
108
3
328
211
98
382
380
89
184
52
208
59
1113
308
3
108
371
3
102
211
1327
86
1141
208
133
310
27
82
42
89
1303
95
8
539
122
369
475
203
235
196
509
683
187
102
89
16
29
64
1378
108
223
82
98
1045
107
152
110
641
542
187
1019
86
560
3
144
1001
430
218
86
1148
3
806
680
59
542
80
98
491
29
208
884
212
108
273
184
544
208
470
716
69
211
152
107
113
87
110
123
58
73
1392
102
59
849
1435
102
725
98
625
16
1376
52
480
29
89
34
1471
429
146
95
108
234
98
182
356
60
144
108
235
454
86
30
459
68
187
187
104
445
483
3
139
208
588
125
98
3
665
1309
271
1197
151
965
1303
51
109
188
422
86
96
182
108
379
383
72
334
10
211
1087
306
98
1166
52
294
16
817
102
98
1004
211
317
59
58
1077
1202
295
723
126
656
96
61
725
98
211
641
409
3
725
59
843
334
89
98
69
728
102
161
309
16
432
211
196
101
89
220
108
69
187
361
1321
89
605
973
110
187
271
326
209
247
377
89
709
16
102
670
98
87
72
201
86
6
59
656
308
302
506
108
29
184
491
45
1241
52
61
182
107
203
340
89
89
429
304
107
371
429
123
151
669
355
102
74
3
383
72
1181
957
212
310
108
87
665
310
52
89
83
114
565
1299
211
126
1029
665
45
69
768
1094
206
61
59
334
102
203
437
375
89
203
920
597
985
112
29
304
500
375
188
380
98
29
422
95
73
59
16
510
44
798
155
214
29
383
442
332
34
112
85
3
7
86
61
628
86
223
69
126
668
436
91
501
108
1224
744
246
58
108
570
565
182
14
693
208
25
693
102
211
1019
1353
1105
211
108
211
1077
205
25
108
184
52
624
566
52
334
334
235
69
53
184
89
375
87
78
1398
89
110
218
296
29
126
1216
197
3
211
234
3
52
108
271
502
123
59
70
1451
68
184
762
1558
138
874
1395
502
89
89
3
29
43
3
169
299
439
334
218
201
1167
455
590
108
456
312
28
821
115
77
3
570
108
907
422
380
59
59
86
7
73
1500
553
89
499
108
396
1178
10
502
3
430
334
300
1318
196
429
992
89
1441
104
383
211
597
69
1061
1035
1620
123
304
135
355
108
540
383
437
211
460
265
394
86
89
91
89
432
89
506
499
89
208
349
89
16
1270
89
59
886
211
366
1094
200
383
1168
200
72
3
355
59
108
218
203
34
98
72
1066
69
147
34
685
380
890
89
52
102
218
597
1579
275
423
87
970
52
198
89
147
887
447
201
318
203
1454
488
89
109
351
435
203
97
199
91
295
65
369
1254
192
108
295
147
813
779
1193
297
34
206
188
69
1181
69
791
193
25
86
89
89
102
385
1121
29
147
59
89
382
432
231
953
383
349
553
734
1189
1308
375
211
89
208
59
432
211
383
126
211
58
723
309
14
211
1048
72
208
86
241
1324
89
182
987
725
100
22
209
108
211
52
94
166
91
310
942
68
82
191
206
108
130
110
349
579
91
925
98
103
187
361
89
82
220
1441
1205
98
271
82
211
206
399
72
127
304
440
206
208
14
556
103
147
474
89
95
356
405
1271
297
1359
108
43
16
91
436
94
318
89
52
438
169
211
203
271
757
456
361
570
437
52
434
725
1391
65
42
552
383
187
1574
59
211
540
98
216
89
59
209
15
206
110
340
52
436
1465
491
203
108
89
917
86
430
263
147
72
59
459
130
628
112
197
1287
309
973
953
44
89
147
29
211
668
361
1361
187
261
1170
1300
285
147
89
147
125
791
334
134
477
218
125
624
1581
122
85
1514
103
237
52
44
1019
52
147
432
603
208
491
16
921
758
1052
86
1017
59
491
121
337
29
465
1170
59
196
99
448
206
108
182
1429
147
429
147
184
89
430
43
147
923
465
469
59
211
88
1191
821
203
609
25
72
716
383
106
89
77
77
1510
934
490
208
86
108
21
173
71
34
366
53
208
52
820
542
61
102
86
34
104
475
89
182
84
152
821
100
3
256
69
637
89
147
29
144
86
1077
78
73
89
304
218
563
311
235
1469
72
82
459
308
334
409
44
424
1133
108
193
731
29
144
89
89
3
502
849
98
68
338
79
78
52
73
295
89
304
74
161
247
879
371
34
565
266
658
91
151
361
504
78
115
566
957
59
216
188
52
456
203
69
1334
86
307
29
184
208
195
31
398
583
102
52
69
77
603
459
147
89
44
29
862
16
208
98
654
614
101
552
45
437
658
89
437
59
3
120
89
102
151
649
85
188
349
108
68
89
187
89
217
89
103
231
52
52
184
208
112
248
61
726
151
78
182
147
103
248
608
29
368
379
110
1321
1243
1640
306
928
107
1136
168
525
59
126
182
3
89
3
361
16
3
309
847
206
172
208
52
327
737
182
86
59
182
304
108
86
713
144
102
624
182
89
89
16
208
203
304
89
136
379
89
1579
211
309
108
512
108
848
86
108
203
95
89
211
303
330
890
89
52
1026
299
274
86
72
211
489
523
52
304
508
427
383
115
432
877
1000
108
82
1472
529
641
43
309
68
459
145
29
3
385
1605
184
79
935
16
59
122
361
1181
1285
59
173
58
1212
434
102
52
72
34
308
1061
108
495
117
87
2
613
683
72
436
29
79
146
187
102
447
74
212
313
184
330
184
1178
102
1373
98
971
98
86
297
95
68
83
69
114
102
219
614
78
86
308
86
200
86
517
203
300
211
565
151
624
86
184
59
437
59
502
1449
78
85
89
52
89
316
217
285
44
222
1026
83
61
811
778
89
102
447
69
736
570
61
187
313
1569
382
125
942
144
108
89
3
47
193
86
103
3
1172
59
361
86
272
306
74
211
1336
11
218
459
59
61
89
187
606
3
563
29
1076
73
102
624
52
563
380
74
614
105
779
59
570
16
79
614
89
89
542
107
59
1471
211
995
887
606
86
61
89
52
95
208
115
315
167
292
1359
507
603
203
309
911
1308
496
196
874
29
1237
211
432
29
619
95
211
361
211
72
52
163
993
1195
10
437
382
34
110
108
16
208
427
86
438
220
437
59
61
334
358
3
349
59
3
429
147
197
203
112
910
309
86
86
86
29
108
1164
455
52
311
1422
492
1454
297
855
77
316
89
25
559
68
89
10
130
108
614
502
108
570
813
86
668
261
86
1357
155
120
102
187
542
59
78
87
1019
306
89
1397
98
840
296
271
80
82
432
61
16
25
847
10
992
108
13
44
114
86
174
86
392
102
405
301
52
52
52
874
3
146
296
68
182
89
108
86
385
411
657
101
516
89
89
918
206
206
15
222
82
86
52
212
295
957
278
214
25
208
89
68
1319
151
59
103
188
304
112
530
505
297
69
103
89
59
110
108
318
69
102
999
683
29
146
1552
317
1304
309
72
578
372
112
77
98
442
72
313
64
211
921
211
297
656
278
445
211
203
475
87
52
509
34
86
187
665
211
65
334
334
87
132
31
108
187
187
1174
628
1308
1256
52
16
379
108
892
392
296
72
211
126
630
98
188
597
383
299
88
86
211
108
603
229
53
134
86
200
610
782
16
300
529
295
206
98
27
661
570
61
211
465
295
578
1123
208
797
1477
42
106
205
668
110
1285
1563
98
665
514
16
1087
108
82
146
361
211
361
52
203
672
1088
16
110
616
497
668
41
1130
824
8
195
206
245
130
199
48
455
52
208
91
297
212
304
59
485
211
563
414
700
47
52
44
208
77
112
247
1421
297
783
1344
382
61
77
299
383
297
1123
700
1391
271
624
82
45
52
876
87
102
108
208
447
25
187
42
100
211
115
147
558
3
921
184
98
97
731
69
1174
69
296
440
383
252
802
147
95
25
311
147
436
1348
1077
295
295
86
301
570
247
187
211
1257
614
84
3
15
29
615
459
102
91
89
429
999
98
108
52
811
208
361
114
1157
89
89
200
482
507
304
107
197
89
203
578
52
1172
194
1064
52
190
98
62
483
355
289
144
808
29
147
89
1061
429
98
98
896
1107
200
211
123
182
72
271
365
335
874
84
89
1208
89
208
74
312
406
1110
725
59
72
61
72
147
98
152
79
76
432
303
102
74
430
1181
16
560
197
3
871
365
16
52
107
304
775
84
220
72
102
247
661
86
361
889
101
432
89
1095
1024
1448
84
126
89
41
61
349
361
52
624
3
165
208
84
1511
884
445
16
482
217
102
74
297
458
436
624
665
725
89
89
443
91
887
59
61
811
209
1111
668
334
334
44
182
98
665
504
271
120
86
89
49
211
200
1254
69
211
98
34
1367
68
310
1062
135
384
455
199
3
347
334
52
308
1178
218
139
161
203
304
206
184
147
16
86
61
29
504
889
69
82
423
211
211
306
182
432
338
953
86
1178
496
41
423
108
656
85
84
89
91
119
220
725
361
187
437
16
196
52
1213
72
77
725
738
197
318
565
107
3
480
214
275
953
375
405
304
108
583
86
147
1250
297
874
973
707
52
725
218
261
44
52
238
694
108
306
105
218
77
52
261
1049
86
161
59
499
59
432
146
299
203
27
307
296
422
98
89
187
82
231
405
409
43
310
16
98
192
245
31
72
52
197
184
187
101
98
208
865
870
144
305
261
16
203
182
144
162
297
43
365
3
210
59
3
505
261
193
612
364
908
208
135
203
89
353
89
311
798
208
318
21
271
84
84
297
87
605
490
146
108
89
847
141
59
59
102
487
69
211
297
87
435
361
1284
98
211
44
834
39
262
211
597
1039
146
296
89
272
858
89
98
69
102
208
52
203
147
86
409
29
663
373
539
102
321
102
1098
68
656
196
87
181
900
3
132
123
522
1148
429
1011
1019
508
292
517
271
382
107
1142
162
739
491
811
338
208
496
408
399
21
59
144
212
375
34
52
658
3
86
1429
188
1189
108
667
182
554
89
41
123
1368
427
212
887
261
453
232
338
942
85
656
25
98
89
1463
59
218
758
52
211
72
239
311
507
41
108
108
556
82
79
849
463
108
1346
109
193
196
212
365
1374
86
1396
787
578
89
34
1481
86
229
525
211
211
208
1188
3
86
326
1575
98
59
107
16
52
309
1515
52
87
666
89
382
98
424
86
882
91
497
68
45
334
758
135
208
52
89
361
375
843
107
86
482
211
108
78
182
803
465
1206
1178
502
334
83
69
16
107
308
200
211
1174
361
849
716
108
570
1441
72
61
31
302
64
89
400
15
308
962
630
29
102
25
52
549
41
579
349
151
95
82
247
309
28
102
507
560
834
811
3
52
28
59
98
1179
685
84
1229
89
562
73
108
624
59
71
610
334
261
30
1049
86
304
74
141
1126
334
1229
159
190
59
29
78
459
59
89
59
72
361
89
218
108
86
440
151
206
89
361
821
108
147
59
430
84
3
182
572
810
355
108
98
41
98
152
1097
159
207
297
272
379
528
275
61
491
211
3
108
786
52
248
1232
726
59
89
52
175
89
109
201
211
211
182
1252
69
445
203
89
811
404
476
84
297
683
43
445
89
182
52
887
87
59
108
798
211
310
272
89
212
1291
388
118
383
247
108
108
59
309
89
740
107
244
182
624
309
59
412
107
248
59
184
89
272
187
208
111
89
779
91
34
310
52
304
29
211
87
492
432
1113
74
87
59
89
52
110
296
86
1077
299
41
1124
338
182
206
108
84
86
89
334
213
89
98
59
1114
1052
1001
78
190
992
61
898
44
656
458
151
465
1435
89
436
7
470
82
87
89
95
69
108
98
87
79
110
3
34
72
552
934
208
229
196
209
25
1179
84
321
16
301
953
1093
908
475
504
89
114
141
203
33
52
126
862
91
212
102
187
967
763
993
984
78
1188
197
86
1545
211
310
61
608
656
313
374
279
91
124
433
211
487
304
79
59
910
107
1155
465
184
396
200
98
334
209
224
72
318
1142
79
52
29
632
72
827
203
169
240
89
430
59
208
134
52
214
1478
337
110
114
296
110
101
334
69
108
69
372
189
422
103
1206
79
429
258
89
430
108
84
3
736
98
110
624
1478
102
108
1494
52
1217
409
211
647
89
211
86
599
540
52
1172
404
426
310
1158
86
52
306
967
1075
831
213
89
151
334
578
16
68
78
98
563
658
1016
52
135
61
146
250
151
175
409
987
199
624
1005
72
69
17
208
614
144
102
797
295
1379
991
456
7
89
184
272
89
104
113
892
89
488
69
134
123
112
382
72
656
1120
1079
65
107
89
16
164
719
16
1121
762
73
566
380
98
1208
380
375
147
108
1075
220
1172
214
318
563
587
147
645
52
68
419
203
211
3
295
297
665
23
580
110
1046
295
491
144
29
481
72
203
218
184
570
208
52
84
624
68
443
8
61
173
886
70
193
73
247
715
29
379
491
193
89
72
177
811
84
16
1204
42
272
208
89
884
110
1256
89
383
498
304
86
597
1172
1167
91
145
86
182
182
123
235
459
77
380
447
295
102
52
3
200
1048
184
141
1380
217
130
340
108
445
542
151
187
211
415
87
444
211
1425
72
77
104
392
102
488
61
82
826
107
437
235
89
791
502
89
713
271
211
670
155
950
59
1051
73
151
86
465
108
29
108
191
524
427
304
79
61
1112
211
108
69
89
570
211
803
304
218
205
302
737
291
212
206
1172
211
340
112
68
540
25
218
203
98
98
52
194
69
211
86
69
415
184
79
552
821
89
3
76
928
84
1205
59
422
1022
907
429
296
314
405
23
102
483
16
917
432
235
214
847
59
59
89
69
1121
98
1316
66
199
362
152
197
184
3
184
3
920
108
212
672
184
89
52
182
196
570
1358
211
186
98
87
77
196
59
430
949
86
108
69
665
41
29
89
78
126
52
108
15
208
295
29
383
884
564
1378
770
509
734
465
43
34
972
922
147
69
146
924
68
218
84
619
208
428
52
507
89
152
199
89
123
206
1062
89
381
519
370
1554
437
409
1141
79
44
59
61
1242
208
206
921
744
860
27
432
107
89
69
52
86
751
77
189
77
108
89
89
68
84
134
52
285
950
108
132
291
78
211
1480
108
1121
429
86
3
492
887
89
61
72
208
30
108
102
98
297
438
126
89
361
144
313
211
121
151
52
182
1052
64
98
184
98
208
555
1497
211
304
1260
108
1057
257
189
62
203
74
86
628
72
214
123
208
775
614
102
87
364
1189
21
69
174
52
682
68
382
211
517
201
59
1320
184
141
52
525
304
79
211
813
107
218
297
182
766
61
433
430
59
89
115
3
863
309
182
665
69
409
916
677
1318
89
89
323
491
304
89
521
211
721
916
370
98
642
52
72
1387
383
65
383
17
52
1035
255
297
733
283
422
3
278
211
310
102
115
334
435
98
235
112
302
184
52
278
361
29
62
98
52
504
630
744
108
687
207
782
806
184
146
268
69
216
182
459
334
89
89
108
356
208
304
89
206
208
641
77
383
112
104
52
277
89
429
126
206
108
89
1206
89
365
44
89
261
126
297
296
89
211
29
86
98
896
668
217
213
300
89
3
23
379
261
491
285
44
483
1001
673
78
245
89
203
69
1178
693
3
211
1208
430
271
72
540
430
434
203
460
361
102
1073
409
361
101
307
438
1388
890
430
1097
108
203
262
29
280
529
209
1159
195
52
29
716
576
59
52
55
89
235
448
383
311
89
211
78
370
517
29
208
102
151
72
1413
570
72
361
640
3
334
211
144
25
883
1310
102
52
492
86
211
309
306
813
74
87
303
86
86
396
107
74
69
432
1524
102
839
366
114
192
586
371
726
957
586
182
623
108
432
98
59
309
212
89
89
208
1244
89
79
108
83
1123
102
60
206
597
208
249
59
304
86
16
85
69
69
723
419
16
206
195
434
125
126
91
110
330
430
58
146
310
107
95
605
146
306
14
41
52
368
690
108
353
98
86
25
361
89
855
86
78
61
107
104
89
89
89
553
97
465
64
907
68
211
89
74
1024
52
126
52
82
278
77
77
98
69
74
1336
734
504
383
361
455
146
108
591
114
52
361
1078
1077
1119
683
248
278
203
478
52
125
52
108
130
112
887
1390
52
89
3
952
188
487
89
44
74
641
206
347
107
304
146
1396
733
1562
922
108
61
77
552
1434
887
78
896
188
738
241
74
77
52
93
84
382
1100
34
296
154
306
211
108
82
59
112
125
309
597
358
3
108
992
212
405
609
29
525
998
874
728
441
775
44
87
815
762
126
52
87
334
141
26
74
309
334
526
1169
86
211
114
992
211
383
1193
89
107
10
570
89
1088
218
811
41
89
127
86
52
82
460
89
147
414
395
121
623
68
1565
144
59
61
1089
1079
86
89
89
614
29
59
64
59
84
518
955
537
89
1087
1623
338
59
16
3
1096
82
59
86
146
203
928
89
382
1305
1055
89
1183
16
52
89
34
29
551
152
208
102
505
79
30
295
208
98
59
84
1223
102
112
566
52
306
151
108
843
430
483
59
438
647
849
144
214
744
311
112
86
199
89
91
763
59
1235
87
1169
105
430
130
104
114
144
1161
52
211
22
182
421
86
74
337
108
208
89
52
86
781
89
211
29
67
430
409
1075
315
89
211
59
304
34
427
355
98
52
3
436
491
53
208
73
102
22
52
10
569
53
89
188
203
69
89
89
84
361
553
82
69
447
115
214
59
465
59
924
220
248
430
58
102
334
52
1400
1142
310
797
164
86
334
1026
16
108
95
624
999
86
146
683
86
310
164
1508
531
733
211
108
82
206
69
728
334
482
502
126
467
98
59
211
295
208
1604
52
89
34
208
892
208
145
44
16
220
211
89
437
16
86
854
424
366
41
89
68
935
108
235
134
27
102
811
89
429
89
122
1378
442
296
748
1172
102
631
201
366
1160
1606
82
188
146
624
379
92
1301
1273
361
739
593
184
300
799
795
349
375
973
624
1049
721
233
157
1388
80
863
454
314
529
928
1306
738
14
349
220
1090
601
946
618
361
402
64
927
392
758
334
646
1104
306
409
1524
68
424
212
659
1561
1021
610
225
446
261
621
922
957
1359
199
361
892
982
490
400
368
361
629
239
1281
1441
634
361
361
1510
973
384
1404
434
1251
310
856
1265
3
481
1629
772
1492
1607
1473
146
721
1579
212
56
1279
225
1041
418
3
437
69
296
812
519
349
361
79
539
621
1508
1299
1057
1192
553
1513
602
453
1094
776
572
1076
497
863
415
763
77
409
71
373
302
82
1078
507
1404
187
221
927
973
69
624
624
86
310
1241
816
108
570
300
1286
1033
666
482
445
1216
77
941
1308
300
290
326
134
1241
248
1027
445
1456
300
23
973
902
310
15
1054
754
318
310
973
260
361
1446
62
1604
123
220
218
10
290
920
361
679
573
253
97
180
130
104
262
1300
691
112
555
112
112
585
1282
312
385
1000
1454
112
554
108
226
371
1019
29
218
22
361
133
508
450
622
438
101
98
67
359
524
84
86
965
112
231
29
921
29
29
74
