0
100
0
0
17
42
1
149
7
0
0
3
29
33
0
3
390
171
213
0
0
0
5
137
83
2
930
0
0
88
5
0
41
57
399
0
271
16
187
12
35
71
0
9
0
28
7
5
15
0
0
0
374
17
2
424
62
12
296
0
639
24343
2
0
3
71
0
849
34
172
0
763
30
1665
0
147
38
0
82
6
1032
4
53
115
80
161
0
33
0
493
70
34
0
1
0
48
0
0
140
0
211
208
4
9
0
73
32
66
23
0
35
19
0
0
0
939
0
244
2
25
2263
98
34
227
692
0
43
0
35
67
7
20
15
13
915
0
0
8
15
0
0
1
211
0
6
2
31
13
11
0
56
776
7
0
31
211
0
0
64
0
0
8
3
18
9
0
126
0
0
142
8
43
8
19
123
93
0
0
0
1004
0
9
2
26
23
0
25
3
22
224
4
14
0
6
394
1
36
637
0
0
158
8
0
0
26
38
86
96
145
25
26
23
521
16
0
0
0
125
16
41
1394
13
0
42
0
57
7
39
279
17
416
0
4
27
113
213
13
0
48
59
146
11
8
0
63
0
2
8
191
0
556
3
23
56
77
368
49
18
0
4
0
2
10
18
16
1
0
0
113
0
90
0
0
2
39
17
330
0
9
0
0
4
240
4
4
0
14
28
0
41
0
31
599
58
0
0
0
20
50
24
12
1
64
0
17
0
0
20
16
0
564
37
526
818
25
183
1
119
8
0
101
4
181
7
0
39
983
178
3
30
0
18
0
5
2
759
0
3
7
20
4
168
12
0
89
7
487
1665
0
7
130
1
1
0
1
184
1
0
25
152
0
138
0
6
39
17
24
26
0
35
4
0
509
4
58
2
83
5
568
9
24
198
863
4
52
18
0
1
0
12
23
0
6
91
15
8
303
0
5
5
71
38
24
24
82
11
0
39
4
56
87
13
53
726
42
8
10
0
12
17
692
507
0
0
0
39
0
0
9
101
236
117
0
1
87
4
0
22
0
424
0
74
31
13
15
1
9
208
0
56
243
0
0
5
993
14
0
0
0
11
38
107
0
182
6
2
31
350
0
20
24
0
0
16
10
55
0
101
0
180
15
46
9
0
32
182
61
0
22
30
16
25
15
3
18
7
35
26
0
644
0
0
580
15
0
62
4
25
10
4
669
7
0
9
121
16
694
94
16
147
0
9
0
37
0
12
153
143
12
20
19
30
1
0
0
12
55
91
19
7
11
0
33
49
97
7
14
0
0
19
394
1
166
1
883
8
119
59
391
359
0
0
0
83
0
135
43
0
317
7
24
0
0
612
152
5
1
1
0
8
500
3
47
12
22
720
0
265
2
70
53
709
0
3
0
3
37
2
2
14
0
180
61
0
0
21
0
10
7
19
0
38
0
0
633
22
0
0
19
0
9
0
51
45
89
77
0
1
29
4
368
62
41
35
0
663
22
22
176
0
20
7341
0
2
123
0
18
38
3
0
28
27
0
161
77
1
20
56
0
31
12
1
53
129
67
688
0
7
39
3
1604
0
2
0
0
0
22
0
21
28
0
0
9
0
10
55
77
0
2
14
45
12
12
17
169
0
132
206
3
0
0
82
0
23
141
48
18
107
721
2
18
74
0
0
9
98
14
0
24
33
2
0
0
2
169
0
56
38
107
2
9
7
116
0
0
56
8
17
5
79
0
18
39
26
1157
478
0
3
0
124
26
14
0
18
849
1
46
1
155
153
210
0
19
25
17
1
11
26
10
856
20
17
10
33
2154
0
98
0
0
1
0
182
0
93
2
133
0
21
0
130
0
0
0
0
26
23
14
52
18
0
0
0
148
17
7
0
0
0
2
71
0
1
71
15
0
52
95
0
23
12
71
4
34
0
71
9
44
0
128
0
0
5
72
0
0
4
0
0
13
686
840
13
5
0
23
1
359
1
1
33
0
83
2
0
32
0
6
0
19
19
179
151
152
0
0
17
9
4
0
0
137
16
18
2097
5
702
0
264
281
1
42
0
1729
217
7
120
107
88
10
0
10
184
1382
22
0
80
73
0
50
2
36
12
0
6
32
58
221
12
55
1
0
349
28
2
161
7
0
202
132
13
78
151
0
12
8
56
0
31
196
0
2
46
48
112
0
5
46
173
6
0
47
0
6
0
273
46
0
1186
179
12
35
0
6
0
9
3
67
2
0
14
287
7
40
29
10
53
0
230
249
0
0
0
386
142
5
0
159
11
237
3
7
79
1
242
4
7
80
15
5
0
28
393
36
5
128
20
10
0
46
22
79
0
41
751
0
170
0
4
9
45
0
0
14
13
56
0
48
0
118
169
0
0
19
7
29
0
142
6
8
202
84
0
25
10
18
0
4
12
28
2
77
1
13
0
7
305
0
425
17
0
16
0
83
10
38
13
254
0
15
15
482
5
11
25
0
797
14
128
0
0
334
27
0
205
452
0
1
0
0
485
7
10
116
86
26
2
23
67
2
135
30
52
11
39
20
0
0
0
0
0
2
12
13
8
8
43
0
1
0
61
0
0
436
113
152
1081
2
89
445
46
10
97
1
141
0
21
21
84
24
5
86
42
14
0
1
4
542
0
35
6
25
0
0
0
31
561
124
350
385
1
35
0
135
12
13
0
74
0
0
0
88
60
0
13
38
0
14
9
25
0
77
16
19
170
34
1
0
1
6
29
90
0
347
2
0
0
110
51
0
0
8
0
0
185
0
16
123
19
42
58
21
10
0
153
61
10
55
81
0
125
317
0
267
5
325
0
0
0
460
4226
1
1
15
0
94
38
68
28
48
0
8
0
8
450
9
0
6
0
0
101
8
0
0
0
759
0
12
18
10
74
23
36
39
0
102
0
0
102
989
107
0
0
10
34
2
72
0
46
0
264
0
7
232
13
167
657
43
1366
22
1
1408
4
66
29
0
10
12
0
81
11
5
0
36
0
3
0
4
243
276
10
277
10204
180
22
230
0
0
0
28
1174
1272
78
200
36
0
66
30
26
0
0
0
5
13
0
164
0
0
7
34
2
10
41
1
48
0
200
175
4
12
26
12
4
0
0
45
0
200
28
0
10
18
17
101
44
243
10
0
8
1
51
7
0
126
0
75
169
0
10
15
0
11
12
85
282
0
9
26
47
0
0
15
11
396
1
0
5
14
111
4
0
0
4
0
0
390
0
117
0
0
5
36
35
33
25
24
4
293
0
19
19
651
12
9
27
76
55
0
2
246
31
74
59
80
50
0
47
368
0
160
113
1
0
36
0
702
0
0
0
1
0
0
0
13
10
23
0
18
8
20
133
1511
44
142
0
0
0
0
34
11
5
0
22
24
0
0
81
8
0
0
11
0
81
18
111
0
0
5
37
13
13
0
0
0
0
17
435
92
0
38
38
0
20
20
796
266
0
11
0
9
0
11
68
1022
0
0
0
185
110
20
73
197
1
58
0
198
15
9
1
62
1164
7
0
0
11
481
0
118
145
0
0
132
61
1
11
0
18
34
140
0
34
25
53
43
221
0
340
2
16
2
6
114
0
0
8
204
7
89
0
55
67
0
681
0
40
2
0
0
505
0
0
0
0
74
60
10
0
6
31
3
0
1
4
65
0
2
0
96
5
66
387
0
80
367
16
16
36
416
0
6
11
0
2
778
35
480
0
21
32
31
0
149
110
73
2
0
30
0
0
10
312
54
0
0
0
0
17
0
7
1
90
8
3
11
1
0
6
13
1
377
1
0
7
306
0
0
33
132
182
5
286
0
240
40
78
0
24
20
1
19
585
12
39
0
0
6
160
46
10
68
0
0
83
21
0
0
129
31
1
275
20
21
9
389
10
0
19
89
1087
0
4
0
220
4
25
5
4
0
13
2
287
6
448
59
12
0
0
0
126
93
14
3
2
0
0
3
0
0
12
272
46
33
10
462
29
31
34
0
24
5
54
29
65
88
4
327
12
30
87
0
175
3
0
4
22
43
48
8
0
1098
20
0
0
28
168
3
4
47
0
19
30
0
306
171
14
126
38
7
0
0
9
0
1
0
42
26
15
11
0
1
102
2
19
108
28
1043
84
38
10
317
7
109
71
15
100
19
0
92
271
26
0
10
211
184
0
36
1517
0
201
1
86
39
0
86
459
510
1035
388
79
36
108
0
0
7
0
66
317
27
0
26
9
45
0
263
361
14
160
0
0
1
0
0
59
217
9
42
0
949
15
25
0
102
3
251
0
9
0
4
1705
14
0
155
16
3
7
173
36
0
14
0
766
273
0
0
10
199
0
0
0
91
47
102
1010
11
327
0
0
172
11
4
37
104
1
83
544
0
0
86
1005
53
5
0
0
145
188
1
4
49
0
124
1
0
2171
47
128
0
33
9
576
5
0
51
182
1
5
223
0
38
0
0
76
59
1
3
8
0
245
242
14
248
60
13
0
18
7
39
0
0
0
4
4
2
40
0
0
0
54
0
13
56
17
2
84
54
38
3
642
13
4
365
0
2
0
1
0
0
6
43
0
41
51
3
2
0
36
154
15
0
0
0
0
293
90
0
5
196
0
0
32
0
3
27
0
8
42
102
0
138
14
90
1440
23
21
44
10
2
20
1
244
0
0
0
148
0
0
95
56
26
7
9
1
0
0
170
25
0
22
25
8
4
5
0
19
0
0
202
0
856
138
14
0
7
0
16
6
0
0
7
25
3
78
59
198
73
29
0
1
59
8
0
75
98
16
553
0
1
0
3
28
0
23
0
1
0
31
0
3
0
0
491
5
155
17
0
1415
195
236
5
40
21
138
166
27
56
39
11
1
0
0
11
0
0
5
6
3
0
501
0
1
16
64
31
1
52
94
0
6
57
26
0
0
0
5
6
21
23
0
1
6
0
14
0
51
0
0
27
102
0
243
140
0
21
69
8
0
34
330
8
0
0
0
10
18
14
7
2
8
0
30
48
510
295
37
19
0
0
66
0
71
8
121
0
1321
10
0
0
15
135
36
0
69
1403
15
91
8
31
0
46
0
0
0
2
68
2610
0
11
0
30
3
4
14
55
97
0
0
120
0
0
4
6
0
199
0
0
16
6
6081
1697
22
168
8
0
0
116
2
389
0
119
0
0
80
2
118
0
41
380
10
96
20
0
0
0
1
19
97
217
31
0
348
84
137
19
0
138
0
1
15
1
3
87
22
14
0
80
22
0
0
45
24
1
44
1
37
1298
1
3
50
26
22
22
194
189
102
22
15
0
123
12
0
70
2
65
24
2
93
20
0
1180
28
0
0
89
20
605
0
19
44
30
18
132
187
15
50
0
0
19
123
377
0
3
0
0
208
148
0
935
246
0
0
87
41
90
27
0
7
298
10
56
0
455
203
1
33
259
0
292
29
40
6
1
66
570
38
14
0
0
94
157
10
0
9
20
276
1606
0
1
27
430
0
5
19
16
4
19
0
8
4
0
0
202
37
17
187
3
19
3
384
65
79
16
433
0
0
0
16
93
190
0
36
0
0
27
1
31
0
0
0
18
222
0
8
66
5
0
119
13
0
251
2
1
0
1
43
0
1
11
12
62
217
22
189
0
0
0
4
219
7
110
0
73
187
0
0
0
15
15
3
0
12
0
0
1
0
0
62
24
2
1
4
8
0
0
1
99
0
168
14
0
0
1
35
140
69
0
19
0
12
57
68
0
8
1
237
174
0
0
22
0
0
0
0
93
70
5
0
9
14
375
0
79
17
0
44
161
1079
0
7
1
141
57
52
0
0
54
0
1
27
93
3
17
1
0
10
0
9
1
651
4
64
290
0
23
905
0
15
184
0
69
0
0
16
2036
2
0
91
0
20
159
771
31
30
15
88
24
0
9
22
0
0
915
183
26
15
18
7
0
10
51
277
143
40
47
0
0
8
14
54
17
0
162
143
50
76
45
54
0
0
182
274
367
4
24
0
36
605
7
29
288
2
0
78
0
118
0
0
151
81
126
25
6
46
231
0
0
0
333
0
7
76
0
0
0
230
0
1
0
38
40
0
0
47
9
0
11
0
8
308
490
0
24
23
12
45
10
353
0
10
41
0
90
0
76
0
0
429
74
111
651
0
0
30
0
1588
0
80
0
0
61
36
0
0
95
27
60
1
0
57
0
3
38
38
7
0
277
238
4
0
30
0
1
8
74
189
0
64
10
1
32
0
0
54
24
0
0
12
51
7
242
96
0
89
153
34
62
0
9
0
50
20
0
0
0
728
21
32
147
0
7
6
4
106
391
82
0
5
0
0
0
0
438
201
1
40
36
53
87
52
17
0
3
12
2
1
135
4
28
2
0
187
73
33
0
20
46
2354
89
0
0
14
53
51
24
295
0
0
0
1
19
52
35
15
0
45
656
4
0
25
29
5
0
1
0
151
28
4726
16
0
40
0
71
0
0
0
80
27
530
320
130
1
2
0
113
77
40
0
110
56
0
14
59
0
4
15
36
0
36
3
2
12
158
42
44
133
180
114
56
25
0
18
0
18
1
22
7
6
26
57
0
38
9
26
0
10
22
26
0
3
11
12
70
10
257
0
21
0
8
68
65
48
0
0
0
0
12
0
3
539
12
15
6
15
51
0
66
13
50
229
79
0
0
12
101
17
0
2
199
0
0
0
45
36
303
46
0
46
0
1386
489
0
133
19
0
37
53
1
0
0
0
462
0
0
251
19
29
0
542
89
0
49
17
0
4
18
2
0
29
13
62
49
28
1585
2
0
214
5
80
22
106
0
0
0
6
53
0
0
507
1008
0
73
0
666
1
1
0
43
0
0
1
0
6
13
535
101
81
44
0
61
23
1863
1
176
0
53
0
0
27
47
0
496
8
27
0
0
40
159
161
142
0
885
0
19
37
34
166
0
0
58
40
58
2
80
235
0
258
228
0
0
0
0
237
8
47
22
38
12
772
0
429
16
46
0
2289
0
98
0
1
338
949
11
6
334
581
24
0
209
12
93
0
14
0
0
13
331
311
736
1
111
1
0
79
0
0
0
1558
65
16
4
25
267
0
0
298
0
105
11
68
46
2
127
0
333
0
0
312
141
7
18
0
71
3
61
27
0
207
59
76
0
8
5
113
11
0
3
0
158
17
5
30
34
483
1317
38
32
26
216
0
43
24
0
84
4
40
0
3
34
0
18
10
28
39
0
6
0
20
1
116
2
275
288
66
8
358
8
284
4
24
13
177
39
173
10
0
1
0
69
13
103
163
8
0
567
1
5
134
22
40
47
3
84
6
20
9
193
0
77
23
20
641
0
0
2
0
0
0
293
23
0
53
0
1
0
0
494
23
41
3
0
0
0
0
682
4120
155
3
575
0
438
0
0
12
0
0
391
0
104
0
241
6
0
21
108
0
0
18
24
165
0
0
0
0
166
66
8
4
44
131
50
163
8
0
127
26
0
242
2
12
596
3
0
80
1
80
720
501
87
117
3
50
340
1
0
0
1
24
39
29
45
0
0
344
0
71
7
8
0
3
11
0
32
8
11
17
14
4
12
7
903
100
17
100
25
84
12
0
26
17
253
10
0
90
26
28
0
0
6
14
214
289
0
16
0
0
8
0
1
27
62
33
509
85
0
15
0
0
1
15
12
94
1
0
252
811
0
0
0
200
17
0
0
116
0
57
0
274
19
166
358
265
29
5
0
246
24
32
43
0
50
1136
326
0
33
41
5
29
75
0
269
20
0
4
33
13
59
23
428
48
51
149
0
0
0
34
156
29
0
8
0
1
507
0
0
1
243
0
0
89
0
283
80
15
119
0
0
4
23
14
301
55
28
0
30
127
0
37
0
0
10
81
84
1
20
117
21
6
20
14
38
1
1
0
1
0
0
38
9
0
70
11
9
35
19
3
0
32
6
149
0
450
889
0
29
39
8
0
8
89
13
500
0
0
0
211
33
107
4
0
38
15
0
0
24
230
9
107
0
65
135
0
10
0
154
0
3
125
18
406
8
250
0
2
20
0
331
1
29
355
0
0
0
227
23
111
210
7
0
0
134
1184
0
124
2
1170
0
0
79
0
164
0
89
9
16
560
74
10
8
0
63
25
2
31
0
15
0
9
79
109
251
23
0
0
18
0
387
3
16
0
0
80
465
814
370
15
0
0
12
1
10
42
0
616
0
366
112
0
0
42
91
144
0
293
7
59
147
262
84
0
0
27
0
7
10
26
2
2
0
23
7
32
0
1
30
0
0
0
14
16
181
697
176
92
179
1
0
74
0
21
5
1112
6
251
0
6
6
0
182
142
9
0
86
0
208
0
0
0
0
0
0
41
29
13
1090
126
37
25
3
21
2
11
17
21
15
311
92
67
0
5
0
140
4
19
88
0
0
0
49
35
216
441
20
21
227
60
50
5
0
22
222
0
97
0
730
4
0
0
13
0
69
11
5
23
30
301
0
6
19
27
668
61
99
24
17
44
0
48
187
28
0
4
0
179
50
447
101
211
0
0
21
2
0
247
6
33
0
15
0
129
0
85
32
133
9
289
16
204
11
6
105
115
184
32
377
13
252
32
14
116
9
1
0
45
0
8
134
31
0
24
13
582
386
5
71
0
9
162
458
0
0
82
0
0
33
6
0
3
20
0
181
25
140
4
140
15
0
76
5
0
119
23
2
41
15
68
161
0
8
0
169
6
123
7
2
91
4
27
9
244
392
18
19
33
817
0
812
0
123
0
268
0
2
0
96
26
29
1
113
1
422
0
33
0
36
12
0
3
134
0
21
11
40
0
293
33
120
1464
0
67
0
45
5
185
32
13
0
0
4
3
249
0
0
2
30
6
40
385
666
32
3
623
2
52
121
42
878
42
61
10
84
3
6
9
1
5
32
263
6
1
5
48
47
4
4
4
12
44
8
0
18
2
134
17
0
98
129
0
52
0
51
0
0
175
2
0
2
32
8
0
0
17
68
1154
8
29
95
10
2
3
0
25
476
40
14
2
0
7
362
66
0
0
0
17
0
17
23
3
23
0
186
48
0
1369
168
18
3
25
9
9
14
0
110
13
315
302
4
0
99
0
17
4
20
41
13
128
0
683
79
115
30
7
1048
225
45
47
437
211
40
1
2
1946
2
721
188
183
36
9
0
33
6
0
20
45
1
0
324
88
0
471
17
350
0
5
83
100
23
60
0
0
26
351
2512
16
10
40
196
293
0
2
56
4
31
0
21
0
141
16
6
67
4
3
49
0
8
117
0
19
0
1
0
1
0
352
3
11
0
37
643
0
15
0
560
6
242
3
24
42
27
13
61
311
35
40
0
36
315
2
71
690
0
19
23
58
433
0
2
24
35
4
16
90
0
485
0
71
9
6
107
394
0
17
46
280
0
17
47
67
44
28
131
6
427
2
138
18
0
0
494
0
21
1643
0
457
0
210
45
9
21
2617
11
0
0
0
0
44
0
11
6
5
17
21
0
0
8
113
149
0
0
0
29
399
62
2
1
0
67
24
124
0
1
11
6
0
172
0
0
0
19
43
0
5
1
0
162
0
0
24
7
0
239
30
33
1070
1
69
37
0
22
0
9
527
0
41
0
0
38
105
43
54
0
20
3
168
41
101
16
90
0
347
60
11
0
0
104
0
0
0
7
3
0
0
0
17
0
254
38
3
1
6
112
43
7
106
88
0
132
3
9
9
1
0
0
130
0
288
12
8
452
15
62
2
1
209
0
7
3
307
21
30
0
283
25
0
44
30
90
2
91
0
1
542
0
273
23
0
1
4
0
83
2
45
444
4
43
0
2
64
0
0
0
14
24
2143
237
4
68
0
7
144
0
884
42
21
507
0
4661
268
65
758
713
0
0
2
45
139
84
0
0
1
0
22
101
0
2
65
43
3
23
25
46
14
15
0
18
152
1
733
49
46
0
7
0
93
0
1
3
6
30
19
26
20
100
0
14
0
0
144
583
0
254
2
151
0
0
0
29
582
208
0
256
205
3
24
0
421
17
10
0
0
129
3
0
0
0
123
0
249
34
116
497
8
211
3
0
105
34
25
1
11
7
0
87
0
6
47
0
0
0
20
71
191
3
29
14
0
1
0
0
27
28
1
0
24
20
2
0
0
0
1
0
44
5
2
33
21
22
2
346
130
0
0
8
0
11
7
8
217
40
0
0
62
0
201
0
186
8
18
53
88
94
346
26
0
13
0
33
25
1
24
100
30
15
41
337
6
8
1748
0
1
0
340
44
0
99
581
33
24
0
0
794
0
35
24
610
61
206
36
35
67
12
97
3
6
3
0
39
5
0
0
4
11
6
0
56
7981
39
85
60
0
5
137
145
0
61
0
48
6
3
1051
2
0
208
35
32
284
9
0
1
26
0
3
65
29
388
0
82
362
246
24
25
11
28
256
125
69
258
5
0
175
0
73
6
9
0
0
30
15
24
0
13
170
9
3
102
76
99
0
382
61
71
0
4
103
10
299
42
10
86
38
12
6
13
45
10
17
64
17
0
81
0
19
13
10
0
0
14
18
103
34
4
0
0
0
92
17
23
28
0
0
120
41
19
0
316
28
139
0
190
0
2
28
0
0
29
0
134
0
131
51
0
86
102
0
0
86
127
0
6
86
0
0
15
333
17
0
36
61
42
1
0
0
26
1
1
34
5
51
0
2
0
0
62
51
20
40
19
231
13
92
33
11
0
0
18
193
26
0
0
134
45
6
0
160
60
0
35
13
0
1117
19
12
97
0
9
33
22
0
57
0
0
49
4
0
4
31
0
1
0
10
2
6
12
9
28
13
108
30
0
0
0
0
49
21
1120
0
28
2
1
0
54
0
4
82
0
0
6
24
497
0
268
0
2
1283
132
10
17
0
16
0
0
0
14
0
24
59
12
0
29
44
1546
12
0
120
1
56
13
41
1
33
0
0
0
0
0
65
14
33
580
250
9
256
615
85
9
0
0
0
0
8
3
71
3
540
8
122
1
0
292
3
167
0
4
4
17
7
429
163
234
3
0
0
1
7485
5
2
13
121
0
0
1
49
0
5
0
184
87
223
104
821
0
13
19
11
0
0
5
0
13
0
188
17
45
21
28
13
87
49
27
0
13
16
23
82
83
0
283
379
3
360
46
115
31
3
142
0
309
0
0
87
37
0
25
0
12
4
234
10
0
6
124
31
0
142
34
42
17
391
5
0
7
120
62
0
17
1041
9
7
40
0
18
131
4
79
4
35
14
168
33
41
15
31
0
0
17
906
0
0
1
466
0
0
0
17
45
300
179
16
119
172
468
0
17
95
0
721
11
0
1
229
169
0
0
0
8
7
0
5
1822
319
1
4
0
0
939
7
29
49
37
7
0
152
0
523
62
0
10
792
198
58
0
22
152
233
38
0
3
315
0
18
353
87
1
0
691
0
6
66
54
0
0
22
129
1
94
25
2
7
0
0
0
11
71
100
0
0
125
246
18
13
0
49
0
0
0
0
0
0
114
13
69
35
0
7
87
166
0
0
5
8
928
157
22
0
0
165
0
393
25
336
0
0
210
240
20
1054
133
13
27
202
45
0
808
10
0
20
563
21
0
0
1
0
64
0
21
14
92
0
1
1
8
101
12
3
61
41
6
18
10
0
0
10
0
43
19
30
11
7
0
92
9
11
1
3
22
276
414
40
0
46
359
18
494
30
122
70
51
0
0
87
34
1
4
5
0
14
284
194
1
1598
635
0
18
1
268
2
9
0
85
1
353
14
9
2
21
1
89
0
366
0
40
0
0
250
15
3
0
23
721
67
0
119
231
11
0
17
2215
14
10
3
68
130
0
29
82
12
111
0
3
3
78
55
0
0
0
0
9
2
3
0
0
3
12
0
1
15
1
98
0
17
79
14
20
2
0
17
86
48
0
13
192
62
3
37
21
46
12
72
259
36
80
19
24
20
49
48
0
15
109
14
91
0
0
223
0
0
2
1
1
62
5
18
0
28
5508
51
39
6
270
24
46
0
171
3
156
26
827
19
75
514
78
0
123
22
40
72
96
0
32
0
1
297
7
0
120
1
0
0
60
59
226
16
2435
87
0
350
0
0
98
13
103
0
0
8
2
0
0
23
17
5
53
33
0
0
0
127
10
135
28
26
216
297
9
193
304
0
0
0
194
48
5
169
0
0
0
2096
82
41
0
0
0
38
32
54
245
236
0
0
13
333
28
33
35
38
8
60
0
0
20
39
27
0
19
0
52
13
0
0
266
7
9
0
25
9
0
0
82
0
56
0
9
1228
1
16
16
27
117
192
35
0
0
2
0
11
19
84
1
1
0
0
63
82
376
42
0
0
23
8
10
100
2
5
1043
6
943
114
3
0
421
17
24
0
21
90
50
63
83
12
0
3
730
2
39
0
31
731
1
1
5
9
0
150
433
1
36
1
1124
0
0
25
12
19
20
52
63
60
3
11
0
226
3
0
0
187
486
60
12
53
122
32
41
2
0
19
53
46
13
24
3
1600
21
0
28
0
812
24
5
169
789
112
0
0
12
43
113
0
54
3
0
963
42
47
0
0
0
253
15
197
98
2
6
18
10
0
0
0
19
52
12
215
153
56
4
76
0
4
350
12
6
339
96
42
17
631
9
0
0
0
161
200
26
0
30
1
41
0
0
1039
13
0
11
0
8
3
0
32
0
4
2405
0
26
29
0
218
2
0
0
132
0
152
56
302
0
302
71
1
24
0
0
2
9
267
0
7203
16
28
143
0
32
4
2
0
869
0
20
79
103
91
190
0
282
32
2946
22
1
0
0
20
7
0
0
12
1
1
2
0
3
15
221
5
9
463
0
0
8
0
5
0
5
183
0
0
5
235
25
11
0
0
154
0
5
16
23
0
6
0
11
9
0
13
0
889
48
20
727
4
18
0
497
0
136
0
0
203
0
251
24
0
6
78
4
7
11
150
0
40
62
6
11
4
48
0
8
0
190
28
28
986
119
0
0
104
51
80
2
27
18
142
0
14
4
84
27
17
62
8
42
0
142
354
821
4
4623
36
103
39
6
47
16
16
87
0
32
1921
0
50
159
0
1690
122
0
401
322
0
0
6
9
16
0
60
0
0
16
0
0
15
5
21
69
4
357
37
0
131
29
157
8
401
26
0
50
13
131
0
190
1
61
7
0
0
0
15
0
0
34
816
102
0
0
40
26
81
0
9
3
236
10
24
107
546
3
38
2
566
4
1
0
0
0
0
13
0
55
847
8
68
2
1
4
171
0
656
18
3
0
9
29
161
0
77
0
16
119
84
0
3
34
6
11
13
2
5
0
6
0
49
4
0
33
324
0
157
536
10
0
5
0
56
40
31
553
0
0
0
117
464
22
0
0
78
1
567
227
59
85
93
5
24
66
114
17
23
222
9
22
4
0
26
10
0
0
18
458
1
913
0
0
47
0
0
0
295
25
5
54
0
0
6
29
4
8
17
2
0
0
68
0
59
13
60
19
196
98
0
3
9
0
2
38
515
0
0
0
7
0
4
38
351
85
0
16
2
0
598
0
0
14
288
6
424
55
332
2
0
206
19
132
9
10
0
27
75
2329
14
128
0
98
0
14
0
9
2428
710
318
23
73
8
10
5
56
8
142
84
0
21
2
13
116
81
12
5
16
0
84
87
26
15
101
824
83
0
38
13
0
46
34
27
0
124
0
177
15
206
0
0
0
51
32
0
79
3
219
0
20
44
7
57
90
182
1
11
10
4
0
0
0
119
9
10
16
0
26
17
55
60
0
38
42
248
0
10
10
0
125
6
17
33
0
28
0
0
1144
11
0
159
147
39
4
384
427
21
114
1
0
268
0
0
24
49
0
0
281
373
60
22
22
0
95
0
20
15
0
0
0
0
18
1
130
0
1252
28
0
0
35
114
15
25
53
1
2
527
13
0
577
4
4
40
35
134
47
14
0
0
0
149
0
4
415
0
7
0
53
8
0
168
1
2
8
190
103
3
11
50
0
113
0
5
2404
8
272
24
0
23
76
2
127
2
0
98
12
0
63
32
0
1183
0
44
0
0
0
16
77
433
346
27
167
0
114
0
372
0
44
12
31
13
38
75
0
0
37
56
0
23
1
3
0
0
72
0
35
438
375
31
124
0
24
0
0
17
48
75
0
11
61
0
0
10
5
188
0
13
204
167
28
62
39
5
0
1
0
1
1
0
166
0
3
22
48
0
0
0
0
0
0
43
38
0
0
0
0
0
0
0
0
0
0
0
21
7
0
0
0
0
0
0
0
18
0
0
0
4
0
0
0
0
78
11
1
0
0
0
0
0
0
0
30
0
89
1
3
0
0
0
0
0
0
0
12
0
4
32
3
0
9
2
4
1
10
0
74
2
0
1
0
56
0
0
0
0
0
4
41
2
23
2
0
0
8
0
1
31
0
0
0
0
1
52
23
1
4
72
0
0
0
0
0
0
0
34
0
2
11
0
19
2
23
0
1
7
0
0
0
6
0
2
0
0
0
3
0
0
13
0
0
0
11
0
8
0
4
0
0
17
54
2
0
0
0
0
0
0
0
6
0
0
0
0
0
0
0
0
1
0
0
0
214
8
1
0
0
5
1
3
47
14
0
5
0
0
0
0
9
0
53
343
0
0
0
0
7
0
0
0
248
0
0
7
0
37
40
0
16
170
0
26
0
5
0
1
61
32
445
1
580
12
0
76
303
0
1047
79
14
8
1
49
8
61
30
157
1
78
23
18
127
8
7
0
0
0
15
78
3
36
8
148
0
0
0
8
16
0
335
86
126
79
0
882
4
184
24
13
122
154
57
56
7
40
213
23
0
0
19
12
29
1104
0
195
0
13
1
288
0
44
449
54
9
417
403
216
20
60
684
10
0
0
30
109
105
142
66
33
1
327
8
98
1415
18
32
0
68
358
54
352
98
27
223
77
322
95
0
190
16
25
16
0
423
120
0
3
34
0
26
48
240
0
33
0
102
277
60
111
109
13
233
35
0
47
182
232
623
58
267
46
555
0
0
0
0
0
0
1
12
2
0
10
0
0
0
24
0
32
0
0
11
3
4
0
0
0
53
31
0
63
0
0
0
1
0
0
0
7
5
0
0
0
0
17
0
0
1
5
0
0
2
0
0
0
0
6
0
38
3
30
20
0
0
0
7
0
0
0
0
0
6
0
0
0
0
1
36
1
0
0
0
0
2
0
0
1
1
0
0
0
0
52
0
6
3
2
2
0
0
0
15
0
2
0
0
8
0
0
4
0
0
0
1
0
0
1
4
0
0
40
0
0
25
22
0
0
16
12
0
2
0
13
35
0
0
50
0
0
0
0
1
1
0
0
0
13
8
0
2
0
5
0
8
0
0
0
1
2
3
2
6
15
8
0
15
0
0
0
12
3
6
1
35
1
0
0
5
15
40
0
0
7
8
2
14
0
0
5
0
2
26
0
6
0
2
0
0
15
0
0
5
0
2
0
0
0
0
4
0
0
0
0
0
0
0
1
0
0
46
0
71
0
0
1
0
1
0
3
3
19
1
15
0
0
0
0
0
1
0
0
2
18
0
0
0
27
0
0
0
1
0
0
0
0
0
2
1
9
0
0
0
1
19
0
0
0
0
26
5
0
0
0
0
34
0
0
6
0
0
64
0
2
0
1
0
0
0
0
0
0
0
29
0
0
0
0
0
3
0
18
4
2
0
0
0
0
0
16
0
0
3
33
1
0
1
7
0
0
27
10
0
0
43
12
0
0
1
5
0
0
1
0
1
0
0
0
1
0
3
0
0
0
0
0
0
2
0
5
0
32
15
0
0
529
1
0
6
0
0
0
1
0
1
0
0
0
7
0
0
0
0
9
13
0
0
0
5
1
0
0
0
0
35
1
0
0
0
3
1
6
20
0
0
1
2
1
6
0
0
3
3
1
27
0
8
1
0
0
5
0
39
32
0
0
3
2
0
9
0
0
4
0
0
0
0
0
0
0
0
0
0
0
6
0
3
122
2
15
0
0
0
2
8
1
0
2
1
2
0
1
5
0
27
5
0
0
0
0
4
53
0
1
0
0
1
0
12
0
0
33
0
0
0
0
0
0
0
0
0
0
0
0
0
0
0
0
1
0
0
0
0
0
0
3
1
0
118
0
43
0
0
0
0
6
0
106
69
0
0
0
0
0
25
0
0
0
0
8
18
4
4
0
0
23
0
0
0
5
1
16
0
0
0
0
0
10
8
1
0
0
16
0
228
3
2
0
26
1
2
82
1
3
0
3
0
0
0
66
1
0
23
0
0
0
2
0
0
0
0
15
0
0
0
6
0
0
6
0
0
5
0
0
0
0
34
0
0
0
0
2
0
0
0
7
3
0
0
1
0
2
0
0
2
0
0
0
0
0
0
0
9
0
0
0
2
2
0
6
0
2
0
0
0
6
1
0
0
31
0
9
0
0
0
0
1
3
0
14
3
23
0
0
0
0
0
0
1
7
0
15
0
6
4
0
21
0
1
0
12
23
10
16
0
1
0
2
7
15
0
7
7
0
0
0
0
48
0
4
3
8
0
5
0
6
4
0
0
0
0
18
0
0
0
2
0
19
5
3
0
0
7
0
0
1
0
1
4
7
1
5
0
2
0
0
0
0
0
3
0
0
0
0
5
4
5
0
0
0
1
2
0
1
0
7
12
0
0
2
0
0
5
18
0
0
0
2
0
1
0
0
0
2
0
5
1
0
0
1
0
6
0
1
0
7
3
0
22
47
42
0
75
2
7
0
3
3
1
28
0
101
0
0
0
2
37
0
0
0
180
0
0
0
17
4
0
0
0
0
31
0
82
0
0
5
0
0
34
32
1
0
21
0
31
0
3
5
0
48
0
8
0
0
0
11
4
0
1
0
1
0
1
3
0
0
1
5
19
0
11
0
0
0
0
0
0
35
0
0
0
0
9
0
0
0
75
0
0
91
0
3
25
0
39
0
0
1
25
0
1
0
42
117
0
0
0
3
0
2
4
0
0
0
1
0
4
0
1
0
0
0
1
0
0
0
0
0
4
1
14
0
2
1
15
4
0
0
0
0
0
0
3
1
39
17
24
0
0
4
0
0
0
0
0
0
1
0
31
39
25
0
2
0
4
11
2
6
1
0
0
2
0
0
0
5
0
0
0
56
34
0
0
0
0
3
10
9
1
0
0
0
0
0
121
0
0
23
23
4
47
1
0
0
12
0
0
0
0
0
0
0
34
4
0
5
0
0
0
1
2
0
0
3
0
0
0
7
2
0
0
0
67
5
45
12
0
5
0
10
0
0
1
1
0
4
0
0
0
1
0
4
0
0
0
0
0
1
8
0
0
0
0
0
0
0
1
0
0
6
0
1
0
11
17
5
0
0
3
2
0
0
10
1
0
6
16
0
15
8
0
1
2
0
1
0
3
0
5
0
126
9
0
0
0
0
8
64
5
0
0
0
0
1
4
17
0
0
0
0
0
0
0
8
3
102
5
4
0
4
0
0
0
0
0
0
0
0
4
9
0
76
0
0
13
0
0
0
0
5
3
1
0
0
0
19
0
0
1
1
12
0
0
0
251
1
0
0
0
1
0
0
22
1
0
4
0
1
7
0
0
28
36
6
17
38
0
0
0
0
0
0
0
1
0
4
0
0
137
0
0
142
0
0
124
0
0
200
0
0
0
0
49
0
0
24
0
112
0
0
1
64
0
5
15
43
0
4
47
0
0
0
0
4
9
0
67
0
0
0
0
0
13
0
5
0
0
1
0
0
0
0
0
19
0
38
0
94
0
0
0
0
0
23
0
0
0
0
0
15
0
0
0
0
0
13
201
18
1
8
0
0
0
0
20
8
18
0
0
24
28
0
0
4
0
0
0
0
5
0
0
52
1
0
22
2
0
9
0
0
0
0
121
7
0
0
2
0
0
0
0
0
16
0
0
11
7
0
0
0
13
0
6
0
0
24
0
0
3
0
0
0
0
0
0
0
0
3
0
0
0
0
0
5
0
5
1
44
0
20
0
6
10
0
7
0
1
0
45
0
0
0
0
0
30
0
0
12
0
8
0
4
0
3
46
42
0
43
0
11
0
7
0
12
13
0
0
9
15
48
0
0
2
0
0
0
0
0
0
0
6
2
0
0
0
0
0
0
0
15
9
0
0
0
0
0
0
0
41
0
0
0
0
0
0
0
0
0
0
13
0
19
3
0
5
0
0
3
0
0
14
58
0
2
0
0
7
0
0
17
0
7
6
2
0
1
0
0
0
0
0
0
3
0
5
0
0
0
29
0
8
7
0
0
0
8
0
0
1
0
0
0
0
11
0
0
0
22
0
0
1
0
0
0
0
0
0
0
3
0
3
0
0
0
0
0
0
0
0
0
27
0
2
43
0
0
30
0
1
0
0
0
31
4
0
2
2
0
0
0
0
7
0
0
0
0
9
100
0
0
5
0
0
0
0
0
0
63
0
23
0
9
0
0
0
0
67
0
0
0
0
0
0
0
0
0
3
11
1
0
0
0
0
13
0
0
0
22
0
0
0
28
0
0
0
40
2
3
0
0
0
0
0
0
69
9
0
4
2
0
5
0
0
0
6
0
16
0
1
0
0
0
23
52
9
0
14
0
8
0
0
0
0
4
0
2
1
0
0
6
0
0
0
0
0
1
0
0
57
0
0
1
19
20
0
22
0
0
1
0
40
2
1
0
0
8
0
0
0
0
0
7
24
10
0
3
0
0
14
0
0
0
27
0
0
7
0
4
0
0
0
0
0
0
0
2
1
0
0
0
0
0
0
0
34
0
0
2
0
14
0
4
0
0
0
0
0
5
0
0
3
0
0
0
27
0
0
0
0
0
0
0
19
0
0
0
0
0
0
11
0
0
0
4
133
0
0
0
0
0
0
64
0
0
11
13
11
0
0
0
1
0
36
0
0
0
41
0
0
5
13
0
2
0
7
0
1
20
0
0
0
46
2
0
7
0
10
11
0
0
4
19
0
0
14
0
0
0
0
0
0
0
0
0
10
0
3
0
54
0
0
0
0
0
3
21
38
4
5
0
3
1
3
0
0
11
0
0
10
7
18
0
6
0
0
4
0
0
0
0
0
0
2
0
4
12
0
1
0
3
0
37
0
1
37
0
0
10
4
63
0
0
0
2
0
0
7
0
14
0
0
0
0
0
0
0
10
0
0
6
1
0
0
0
0
26
6
0
13
0
0
9
0
1
2
0
0
6
0
0
0
18
0
0
4
180
0
0
0
0
0
25
0
0
0
2
13
0
3
47
38
0
0
0
0
62
3
17
0
2
34
0
12
0
1
0
2
0
0
1
0
0
0
0
0
0
0
29
0
0
0
0
0
1
16
37
30
0
0
0
0
0
23
8
0
12
0
0
2
0
0
0
0
0
0
63
0
1
1
0
1
0
12
0
0
0
2
1
20
0
80
0
0
22
0
0
0
11
0
17
0
27
0
3
0
5
6
4
0
0
10
0
0
0
0
0
9
0
0
0
8
0
1
0
3
3
0
0
0
0
0
0
0
16
0
0
7
0
1
209
7
0
6
3
0
0
0
0
17
0
0
0
0
0
0
96
0
27
0
8
3
2
1
0
0
0
0
0
0
48
1
0
0
16
6
0
0
0
14
0
0
0
0
1
27
4
0
0
1
6
0
0
0
100
0
0
4
16
0
2
39
0
0
1
5
0
2
37
0
0
83
0
22
0
2
0
0
21
0
0
0
0
0
9
0
0
0
0
2
1
0
17
0
0
16
0
2
23
0
1
0
2
1
0
0
7
0
0
3
0
0
0
0
0
0
0
0
0
12
0
0
0
0
0
0
0
8
2
0
0
0
12
0
0
0
0
0
4
0
0
1
0
0
0
0
1
1
20
4
0
0
7
0
0
0
0
0
0
0
0
0
0
3
0
0
12
0
0
0
69
0
24
47
6
6
0
4
35
0
0
0
4
0
37
0
39
10
0
0
0
0
24
0
0
0
7
9
0
0
2
5
0
12
5
17
0
1
22
4
0
0
10
0
0
0
0
0
0
1
0
0
0
0
33
0
0
0
0
0
0
4
14
0
1
0
1
1
20
0
0
0
0
0
2
4
16
0
41
17
17
0
23
0
0
2
0
0
0
0
0
9
0
0
30
7
0
0
0
0
10
0
2
2
5
25
14
0
0
4
21
6
7
17
0
41
0
0
0
0
0
0
0
0
0
2
0
0
0
0
0
5
5
0
0
1
10
0
23
0
0
0
0
14
0
0
5
7
0
0
0
0
19
0
9
0
13
7
0
0
10
0
6
8
5
0
0
0
0
0
2
4
7
5
15
0
1
1
1
0
9
0
0
0
0
0
77
0
0
0
0
0
0
0
2
0
1
0
0
7
11
0
0
2
0
18
0
0
0
0
0
14
0
0
0
9
0
0
0
4
15
0
0
11
33
0
2
0
0
1
0
49
1
0
0
0
0
0
0
1
4
9
0
15
0
0
9
7
2
0
4
0
10
0
2
4
0
0
10
1
0
11
64
1
0
11
0
0
51
0
5
62
0
3
0
4
1
0
7
0
0
0
0
0
1
0
0
0
0
0
6
0
0
0
26
0
0
0
0
17
2
0
0
257
0
0
0
1
0
0
7
0
0
22
0
22
0
0
0
0
0
0
0
0
0
18
47
0
0
112
0
0
0
0
1
0
0
0
0
6
0
0
218
2
14
0
0
0
0
0
0
0
0
2
40
0
0
0
0
0
5
40
0
62
5
4
1
0
3
0
29
0
0
0
6
0
21
0
4
0
132
0
0
3
0
42
32
0
36
1
0
4
20
0
0
0
8
0
0
0
0
0
1
0
2
0
12
0
0
4
0
0
9
26
0
0
8
69
0
0
0
21
0
35
0
14
98
0
3
3
0
0
10
0
0
0
0
29
29
0
5
0
0
0
0
10
17
0
8
0
23
0
0
0
7
0
4
33
1
0
0
1
0
0
3
41
72
0
0
24
0
9
0
0
0
0
15
1
24
1
54
0
1
61
66
12
0
35
0
0
0
7
21
0
0
205
0
12
2
0
1
29
18
0
20
0
0
0
0
0
0
0
0
0
4
0
0
0
0
0
3
2
0
0
20
10
0
0
0
0
11
0
0
1
6
0
0
1
0
3
0
12
0
26
0
0
0
0
0
2
0
0
0
97
11
30
0
5
0
0
0
1
0
0
18
10
0
0
1
5
0
0
0
12
0
0
7
0
4
8
3
0
0
10
0
0
0
0
0
0
0
0
2
26
96
0
1
0
0
0
14
0
102
0
0
0
0
6
0
9
0
34
17
19
0
0
0
0
0
184
37
0
0
25
43
0
13
13
0
0
0
29
0
0
2
0
32
1
0
0
0
0
0
10
0
0
1
1
40
105
6
0
54
29
0
2
0
0
2
0
0
0
0
2
0
0
0
0
0
22
0
32
40
6
0
0
0
0
0
0
1
0
0
0
0
0
15
0
0
0
0
0
2
4
0
0
0
1
181
0
0
0
0
0
0
0
0
0
0
3
11
18
0
0
4
4
4
0
16
0
0
0
0
0
3
2
0
0
26
4
4
0
3
5
2
0
0
37
0
0
55
0
0
0
0
0
0
6
0
3
0
0
0
1
20
0
0
0
0
0
0
0
0
0
0
0
0
0
0
25
5
0
0
0
1
0
0
12
2
3
2
0
0
0
0
0
0
7
5
33
13
0
0
0
15
0
0
0
2
0
0
1
3
18
0
0
0
1
0
0
18
6
0
3
1
0
0
0
1
0
5
0
0
0
0
22
12
14
3
0
36
0
32
0
0
0
2
0
0
0
25
9
29
0
0
0
10
0
0
1
2
0
0
0
129
0
0
7
0
7
100
0
4
0
143
0
1
5
12
0
36
2
4
13
20
0
0
0
0
0
8
12
0
2
0
0
0
1
1
2
23
0
0
0
0
41
0
0
17
2
6
0
42
0
29
0
9
0
7
0
10
0
0
0
0
0
0
12
0
0
0
0
0
0
2
5
7
0
0
15
2
0
0
0
5
16
0
0
59
39
0
0
0
0
0
0
0
23
0
1
0
0
10
0
0
3
1
1
0
0
4
4
0
0
0
0
22
0
3
0
0
0
0
0
8
0
0
11
0
0
0
0
0
17
0
0
0
0
0
2
0
0
5
0
12
0
0
0
1
0
0
0
0
0
15
0
14
0
0
0
6
7
7
8
0
5
17
0
1
10
2
0
6
0
0
14
68
0
0
0
15
11
0
0
38
9
0
0
2
1
0
3
188
0
0
0
11
2
0
0
0
0
0
3
0
2
0
0
109
0
1
2
0
18
1
24
7
0
2
0
32
51
1
0
0
0
8
1
17
77
0
0
0
0
0
0
0
0
0
0
4
14
0
9
0
0
0
23
0
17
0
0
0
0
3
4
7
3
0
0
0
4
0
0
0
2
0
2
200
30
0
0
0
0
55
9
0
1
0
0
23
16
0
0
0
0
0
0
0
0
3
0
0
0
30
21
0
0
3
0
0
34
11
0
0
0
0
8
1
0
55
18
9
0
0
3
4
6
0
1
16
38
0
9
0
4
0
10
0
0
0
0
0
0
0
23
0
0
0
11
0
0
3
0
10
0
99
83
5
3
2
1
10
0
0
0
0
0
0
0
0
0
0
2
2
0
4
0
0
0
1
12
0
12
0
4
17
0
0
3
0
0
7
63
0
0
0
0
0
4
0
37
0
0
0
0
0
0
5
30
4
0
0
0
0
0
0
1
0
0
5
0
0
1
1
0
0
0
0
0
0
0
18
1
0
1
0
0
5
5
6
6
21
5
5
0
3
0
15
30
19
0
0
15
0
0
0
3
0
23
0
23
0
0
0
1
0
0
0
0
0
4
0
0
0
3
0
1
0
0
8
0
0
3
0
0
0
3
0
0
0
0
0
0
12
0
0
0
0
0
1
0
0
0
0
0
0
0
12
3
26
0
1
0
0
0
3
8
0
3
0
0
0
4
0
2
12
0
23
0
0
0
0
1
0
21
8
0
3
4
13
0
69
2
0
0
11
0
0
0
0
0
13
1
0
0
0
0
71
41
26
0
24
0
2
0
0
6
0
6
0
0
0
0
0
1
0
0
0
0
2
0
20
1
0
0
0
52
0
0
1
0
0
0
0
1
0
25
8
7
0
0
0
0
0
4
0
0
0
3
12
4
0
0
15
5
10
0
0
0
0
1
0
0
0
0
0
43
0
32
0
13
0
7
3
0
0
0
0
6
0
0
12
0
0
1
36
0
4
1
0
25
208
1
7
6
0
4
0
0
0
0
0
5
15
8
24
0
1
0
0
10
0
16
2
0
31
0
17
3
0
6
2
0
0
4
2
12
0
0
0
0
2
1
0
1
1
0
0
1
0
0
1
1
0
0
170
0
0
0
0
0
0
0
0
6
0
0
0
0
5
0
9
0
0
0
0
0
6
7
0
11
0
7
0
4
0
0
1
10
0
1
15
0
0
4
69
32
0
0
39
0
0
0
2
0
27
0
58
80
0
0
0
2
0
1
0
0
16
0
23
0
0
6
1
1
60
0
8
0
4
0
0
93
4
0
1
13
4
13
10
0
4
0
0
0
1
0
0
0
0
0
68
111
13
0
1
0
0
0
5
0
0
0
0
2
0
0
0
0
0
0
0
0
0
0
1
1
1
0
0
1
12
9
6
2
0
14
3
4
1
0
0
0
0
0
0
0
0
0
15
0
0
6
0
0
0
3
15
0
0
0
0
22
4
0
0
0
0
3
20
0
9
0
0
0
2
104
0
19
0
0
0
0
1
3
34
0
0
12
4
0
0
0
0
0
0
0
36
2
13
4
0
1
0
0
32
11
0
17
0
0
0
0
0
0
6
1
0
0
16
0
0
0
0
0
37
0
95
0
12
0
0
10
0
0
35
0
8
3
25
0
0
7
0
0
0
3
0
13
24
25
0
2
0
0
0
1
0
4
0
0
0
17
0
111
12
0
0
0
0
31
0
0
9
9
0
0
0
10
0
0
3
0
48
14
9
4
0
1
0
0
0
0
0
13
0
0
0
0
0
0
0
0
32
0
36
0
5
5
0
86
3
0
5
28
0
0
0
42
0
1
3
0
1
0
1
0
0
0
0
1
2
0
0
0
5
0
0
0
0
21
0
7
0
5
19
0
1
0
0
21
0
2
0
0
0
1
1
0
0
0
8
0
0
32
18
0
8
0
0
0
0
0
0
2
31
0
8
0
0
20
0
0
0
0
3
0
7
3
14
5
0
0
0
0
40
0
0
1
0
12
0
0
4
2
0
0
0
0
49
0
0
29
0
0
0
0
0
0
5
0
0
0
0
13
7
0
3
11
0
0
0
0
1
0
0
0
52
0
0
8
0
5
16
0
1
0
0
0
0
0
1
4
1
0
0
0
0
0
26
11
3
25
0
0
0
8
5
0
0
0
0
0
3
11
0
0
81
51
9
1
82
0
0
1
19
0
0
36
0
17
0
0
1
0
0
74
6
9
0
1
2
0
1
12
5
0
0
6
0
0
0
0
0
0
2
0
0
0
0
0
9
0
0
0
52
0
0
1
7
0
0
8
0
9
0
5
0
0
0
0
5
0
42
0
0
0
2
0
3
0
17
0
0
2
0
1
0
33
0
0
0
0
14
7
1
0
0
6
0
1
0
18
0
0
0
0
0
0
0
0
0
0
7
0
10
5
0
2024
12
169
0
3
1
0
11
2
7
10
27
0
1
1
18
25
0
0
1
2
0
37
24
2
0
70
0
0
11
0
0
0
10
0
6
0
2
6
0
3
3
4
0
1
1
31
31
0
36
0
0
39
0
1
9
0
5
128
0
0
0
0
0
0
13
26
0
0
0
68
19
0
0
0
25
0
1
0
0
0
30
0
3
0
0
0
0
0
0
0
0
0
0
14
7
0
0
0
0
0
0
0
9
0
0
0
12
30
0
0
0
0
0
15
0
0
59
0
6
0
23
0
0
0
1
0
129
0
20
55
0
0
0
14
0
0
0
0
0
0
0
51
0
16
0
0
0
0
1
1
0
0
13
6
0
0
0
4
0
0
0
5
0
0
0
0
63
13
0
0
21
0
0
0
0
0
4
0
3
46
0
23
0
0
0
0
12
0
0
0
16
12
1
391
0
0
26
13
58
0
8
45
0
0
32
5
65
3
3
0
0
0
0
2
0
33
0
0
0
0
0
0
0
2
0
0
0
0
0
3
8
1
29
0
0
41
0
0
0
8
25
1
0
0
0
0
42
0
0
0
0
0
14
18
0
0
0
8
0
0
32
0
15
0
0
8
13
0
0
0
0
0
10
9
19
6
0
0
0
0
0
7
0
33
0
5
0
44
4
8
0
12
0
3
18
20
4
0
0
0
0
0
3
0
31
2
0
12
2
16
0
0
6
1
0
0
0
0
14
0
36
0
6
0
0
0
0
0
9
9
0
2
0
1
3
12
44
0
0
0
0
0
0
18
0
7
25
0
3
0
0
0
0
0
0
0
0
0
37
0
2
0
3
0
0
0
0
0
0
0
0
0
0
9
0
1
0
0
0
39
0
0
12
0
0
0
16
0
0
0
23
0
0
0
4
0
0
5
8
1
0
0
14
0
1
0
5
0
0
0
0
0
0
28
1
0
0
19
14
0
142
5
1
3
0
6
21
0
0
0
0
0
4
0
0
9
0
0
0
12
0
23
0
0
0
14
0
1
3
0
11
0
3
0
132
0
2
0
0
0
5
0
22
0
0
0
0
0
31
0
3
0
0
3
0
34
7
9
2
0
0
0
0
2
4
0
0
0
0
0
0
16
0
1
0
3
1
0
17
1
0
5
0
14
0
0
0
0
0
56
2
0
0
70
0
0
1
8
0
0
0
7
0
0
0
0
14
47
2
0
0
0
9
0
0
39
0
0
0
128
0
4
0
38
1
82
0
0
0
0
3
6
0
0
2
15
0
0
0
0
2
0
0
0
2
0
1
6
0
0
11
3
0
8
0
0
0
74
0
99
1
0
0
0
10
0
0
9
0
1
189
1
0
0
2
0
0
18
0
201
0
9
0
121
7
24
0
1
0
0
0
50
22
0
0
0
0
188
0
0
0
0
77
0
2
0
0
0
7
0
26
6
0
1
0
0
46
0
0
0
0
0
0
4
0
0
0
0
8
0
136
13
1
17
0
0
1
8
4
0
15
0
0
17
0
11
0
0
0
37
2
0
0
0
0
0
1
5
0
5
0
1
1
0
130
0
0
0
33
12
0
0
5
7
0
0
2
15
0
0
0
0
0
0
0
0
0
1
0
0
0
0
0
60
0
0
10
37
0
9
0
0
0
0
0
19
0
12
0
0
0
7
5
51
34
106
0
18
32
138
11
0
0
0
0
2
0
0
9
0
51
0
35
0
4
1
0
0
6
103
0
0
5
6
0
0
0
13
39
26
0
0
0
11
30
5
0
0
12
0
0
0
3
0
3
22
2
0
0
0
0
0
0
0
0
0
27
7
0
1
3
17
0
42
0
1
0
0
0
36
30
0
0
0
3
8
0
0
8
15
17
10
0
1
0
0
0
0
0
0
0
0
14
5
4
7
0
0
1
0
0
0
0
26
75
14
33
0
24
0
0
0
16
24
0
0
8
12
0
51
0
0
87
5
0
0
39
0
0
7
0
0
0
0
0
0
53
0
0
0
1
3
0
11
0
0
1
16
0
0
0
0
0
2
0
0
52
3
0
1
72
0
0
0
11
0
30
0
5
0
1
0
0
0
8
0
0
18
22
0
0
0
1
0
31
2
18
0
0
0
1
0
0
1
7
0
0
0
0
0
1
0
0
7
0
6
0
0
0
0
0
6
0
0
29
61
0
6
0
3
0
0
0
0
0
0
0
0
0
0
3
0
3
0
24
0
41
0
0
0
0
0
0
0
0
0
0
0
0
4
0
0
0
0
0
0
0
0
0
44
2
0
4
0
0
0
0
0
0
13
7
0
4
0
15
0
0
0
3
0
11
0
32
5
0
0
0
0
0
0
36
0
0
13
0
0
0
12
4
0
0
0
0
7
10
0
199
0
0
8
0
0
7
2
10
0
0
0
370
11
0
0
0
0
11
0
3
0
0
0
0
0
0
0
0
0
0
0
0
14
0
0
7
0
0
0
2
0
54
3
0
0
44
0
0
2
6
21
3
0
0
0
0
0
0
0
110
0
96
18
27
1
0
6
13
2
0
61
0
0
0
0
2
0
0
0
15
0
0
0
0
0
0
0
2
38
19
3
0
4
0
1
0
3
0
0
0
3
0
20
19
0
82
43
0
6
0
44
0
0
0
0
0
0
0
11
24
0
0
0
0
2
18
0
1
4
0
0
1
4
0
0
0
0
0
1
8
0
0
0
0
0
1
0
11
1
0
0
0
10
0
0
0
0
2
0
0
0
7
0
0
0
3
4
17
5
0
0
0
20
0
15
0
0
12
14
0
0
0
0
0
0
0
0
0
0
4
40
0
0
0
0
10
5
0
0
0
7
0
14
0
0
0
3
16
0
3
0
0
0
0
2
2
67
1
47
0
0
7
0
0
15
0
4
0
3
14
0
0
0
0
0
0
0
3
0
7
13
0
0
19
7
0
0
0
54
12
0
0
0
14
11
0
0
51
2
0
0
0
2
0
7
9
0
1
0
0
0
0
31
0
8
0
0
0
5
29
0
45
0
14
0
0
248
0
1
0
0
0
0
4
30
0
0
2
0
0
0
0
5
0
10
0
0
9
0
242
0
0
2
0
21
0
0
3
0
22
20
2
1
3
21
0
0
2
27
0
0
4
4
20
0
15
0
1
0
11
0
0
6
0
30
0
14
7
0
5
5
2
0
0
3
7
0
0
0
14
0
32
0
0
0
26
0
24
0
28
0
0
0
0
1
0
2
0
1
0
0
24
0
0
6
0
2
0
19
0
0
0
0
0
0
0
0
0
0
0
5
0
32
0
0
0
10
0
0
0
16
0
0
0
3
21
0
0
5
0
0
0
1
0
16
0
0
0
2
1
0
0
0
89
0
2
0
0
1
0
65
0
0
0
3
0
0
12
5
19
0
34
0
0
0
4
0
0
0
0
17
12
8
2
113
0
0
0
24
0
0
2
2
0
3
11
0
27
14
0
0
0
6
1
0
1
0
2
1
14
0
1
0
0
0
0
0
0
0
0
18
0
0
0
0
0
0
0
1
0
1
0
0
0
0
0
0
2
0
2
0
0
0
0
0
0
0
6
0
17
51
0
0
9
0
0
0
0
0
0
0
0
0
1
0
0
0
13
7
0
219
2
140
0
6
6
26
8
0
0
8
0
0
0
7
0
0
0
0
0
0
0
3
0
0
17
0
0
11
19
0
0
0
0
9
25
35
1
0
0
30
0
0
0
0
111
0
0
42
31
0
0
30
0
0
0
0
0
0
3
0
22
51
0
0
0
3
3
0
0
0
0
0
29
15
67
169
0
2
12
0
0
0
77
0
0
2
7
5
0
0
38
0
0
0
0
0
0
7
0
0
0
0
0
0
14
0
0
12
12
9
0
7
0
15
0
0
0
60
13
32
1
0
0
0
0
30
0
0
0
1
0
0
0
19
10
1
0
52
0
10
19
0
1
0
0
1
4
0
0
0
0
4
9
0
0
0
0
22
0
13
0
17
25
6
0
7
0
4
0
3
4
0
19
0
0
0
0
0
0
0
0
16
0
0
53
15
12
68
0
2
0
33
71
52
381
0
52
63
5
65
46
21
0
17
117
0
2
7
60
9
6
78
36
0
33
9
18
0
71
0
0
0
0
0
15
0
0
6
1
7
265
2
0
14
